510	728	40.0
546.569333859	747.193067005	21.0
495.354818165	766.616170823	2.0
479.086506101	755.386965785	13.0
469.90010294	737.883736935	31.0
479.086506101	700.613034215	60.0
546.569333859	708.806932995	60.0
492.253832517	765.48750435	3.0
488.771632575	765.907817708	3.0
449.76138234	763.136893819	5.0
439.412671371	748.551750636	20.0
426.96819568	732.883325799	36.0
418.83025509	689.349188772	6.0
426.96819568	668.34274263	-3.0
442.14500289	651.694578182	7.0
462.310964809	641.653122288	27.0
506.41026731	645.739524455	71.0
603.729881522	730.951047132	38.0
573.893095069	763.680442755	5.0
591.870580485	667.509390039	101.0
409.438063165	765.807244977	3.0
395.495367299	752.902093835	16.0
389.717652128	734.803483352	34.0
406.145704849	701.936373194	11.0
415.615377784	695.903161911	10.0
414.361881417	683.576525893	-2.0
421.365583436	682.503598208	3.0
434.217303672	645.064310339	-2.0
437.252559283	628.501456519	4.0
441.566368097	613.762052152	13.0
455.28644703	594.615704175	35.0
496.973223612	574.058060977	81.0
625.051949692	763.964065912	5.0
691.007186866	692.752671823	76.0
594.42099025	565.24118672	173.0
370.993794071	764.728508656	4.0
358.394123878	751.080048653	17.0
354.46768297	732.92474058	36.0
392.534101654	699.616019504	6.0
401.938857086	690.378153958	-2.0
417.173393413	681.546758192	-2.0
420.40874342	678.311408185	-2.0
431.98362811	627.928425722	-2.0
430.281658812	622.545293943	-2.0
423.849724872	612.765704175	-2.0
415.971047047	588.61613062	12.0
415.25087941	564.32417901	33.0
764.597800079	716.410897602	52.0
715.807018873	765.966456949	3.0
668.496289611	766.702313504	2.0
646.943693306	756.264076588	12.0
750.903641245	643.88852594	65.0
423.270818317	532.254694828	66.0
457.411935836	457.496075422	148.0
602.714518178	391.138609501	134.0
724.320583828	449.02334993	23.0
741.051481022	471.007492238	22.0
754.09869438	495.358994399	19.0
763.134448903	521.466092555	10.0
767.931746354	548.672918372	6.0
336.937550455	765.848659758	3.0
322.994854589	752.943508616	16.0
317.217139418	734.844898133	34.0
333.645192139	701.977787975	26.0
370.279689744	699.142046167	6.0
385.271555593	700.354548254	6.0
395.069429999	692.770428939	-2.0
813.522754073	737.558920599	31.0
782.713899853	766.537706088	2.0
740.49703742	763.950809669	5.0
809.436613379	687.594742032	81.0
665.395303963	765.573647031	3.0
655.730667128	766.248018248	2.0
635.924514971	763.711741244	5.0
784.053641245	586.471041669	4.0
801.692387824	601.271707418	19.0
395.614759331	593.406336168	-2.0
372.085703623	580.011070816	13.0
351.362703776	562.586752361	35.0
320.946182344	518.056690708	75.0
309.316551631	438.568656761	50.0
325.701172998	387.191275069	71.0
381.202125142	329.111673122	92.0
485.707482178	310.901900718	154.0
735.382069293	417.698181806	2.0
633.193807522	259.316369643	112.0
729.547398329	344.026928227	29.0
736.470583828	427.978932618	3.0
746.770856468	439.724142524	-2.0
754.872569075	452.24936	-2.0
763.523612801	464.851739374	3.0
769.44041074	508.652667298	4.0
771.176141097	484.383985805	2.0
770.179883664	530.300788307	3.0
770.179883664	512.631396803	3.0
771.79318363	554.868021452	2.0
770.4670747	541.827327808	3.0
775.082314926	547.203439176	-3.0
298.493281361	764.769923437	4.0
285.893611168	751.121463434	17.0
281.96717026	732.966155361	36.0
310.434264333	687.606189928	35.0
353.820135579	683.585896903	-2.0
365.811316071	693.369383287	2.0
372.815018089	692.296455602	-2.0
377.430258315	697.67256697	4.0
387.806883939	693.50895769	-2.0
827.537198846	766.660215033	2.0
785.662887566	765.056668793	3.0
734.19703742	763.950809669	5.0
888.148414384	711.631014255	57.0
840.367223387	763.861296724	5.0
835.794822351	609.62978311	27.0
874.853133907	637.655090031	55.0
661.20311394	764.616807015	4.0
782.091909022	581.547465054	-2.0
807.411558728	581.794000054	-2.0
370.904818983	594.262229066	-2.0
351.362703776	598.886752361	3.0
333.212703776	594.023474518	19.0
297.368185673	590.622302901	50.0
248.380570151	541.634687379	3.0
244.646182344	518.056690708	-2.0
248.380570151	494.478694037	3.0
259.218185673	473.208675958	9.0
259.137579714	449.2345265	2.0
254.790397225	401.296305351	-2.0
254.019709521	377.754231372	8.0
260.857273785	355.213802767	26.0
288.204668293	321.604142261	68.0
322.194971599	256.841030183	11.0
343.482595992	243.776292882	-3.0
352.831775005	230.514486011	4.0
368.909327496	208.548195054	20.0
388.575393443	189.726625442	40.0
436.164490614	163.716364788	89.0
542.927906383	166.527688846	30.0
735.190191358	414.403764884	2.0
738.331057006	416.217144511	-2.0
743.527920591	285.070466274	66.0
593.765539838	153.098189903	10.0
618.942000993	146.916298422	6.0
644.864609486	146.61906541	31.0
693.551589108	163.431917295	12.0
713.766973888	179.661772401	21.0
729.763984421	200.061910454	5.0
754.862679015	360.677050262	-2.0
741.54861524	371.848876265	3.0
732.278393806	427.022092602	7.0
739.832459203	425.29792647	-2.0
765.389312879	468.725905506	5.0
766.885488176	462.170733226	-2.0
770.984263161	481.089568882	3.0
774.12512881	482.90294851	-2.0
767.498877516	533.662663681	6.0
765.987693642	511.674556787	8.0
769.528586225	557.268354469	4.0
774.742171343	553.386984158	-2.0
766.274884678	540.870487792	7.0
264.437037745	765.890074539	3.0
250.494341879	752.984923397	16.0
244.716626707	734.886312914	34.0
261.144679429	702.019202756	66.0
310.434264333	651.306189928	23.0
341.870986491	669.456189928	-3.0
363.546718666	695.769716305	5.0
365.619438136	690.074966365	-2.0
375.468526092	692.748990355	-2.0
380.861405624	693.633108078	-2.0
727.89703742	763.950809669	5.0
731.04703742	758.494849625	10.0
942.221807284	733.424549544	35.0
911.997115932	764.829975096	4.0
868.442030373	766.499479053	2.0
923.491355844	665.26543986	43.0
822.643156583	584.571377584	2.0
839.206010403	581.536121973	-2.0
853.308056665	585.640672351	3.0
874.853133907	581.355090031	-2.0
896.398211149	585.640672351	3.0
914.663245688	597.84497825	15.0
926.867551587	616.110012789	34.0
353.228403854	602.760918493	-2.0
348.554420135	607.317147417	-2.0
344.23306765	611.487892691	-2.0
331.694585779	628.745632448	3.0
271.718185673	635.049406115	61.0
255.865613862	560.468919459	13.0
250.246270229	545.508853511	5.0
244.188380128	540.677847363	-2.0
247.423730135	537.442497356	2.0
244.188380128	493.521854021	-2.0
247.423730135	490.286504015	2.0
249.61372171	476.92946512	2.0
250.460949175	467.78642468	-2.0
258.267821571	462.952613942	5.0
260.444642942	452.264639653	4.0
256.036594065	448.105860027	-3.0
245.096424866	380.37434415	-2.0
239.588374101	372.328822667	-2.0
238.790087657	370.191066639	-2.0
225.480232941	351.068276555	3.0
219.260224182	328.615106974	18.0
220.833119188	305.369476536	39.0
245.785723703	266.803383691	21.0
266.344999336	255.842110106	10.0
289.375109258	252.314027035	7.0
310.636752364	252.63418242	7.0
347.562843832	229.941455213	-2.0
350.870042782	225.590909395	2.0
356.262922314	226.475027118	8.0
346.412550452	173.650107144	3.0
347.096064917	148.853473286	28.0
368.068663751	104.411657017	75.0
458.331830103	76.1795207737	77.0
538.473451945	135.546277715	22.0
569.259141961	149.605631259	6.0
738.139179071	412.922727589	-2.0
806.857062797	307.845666547	19.0
795.413069255	327.933286389	8.0
777.846384867	342.962892461	-2.0
773.770548576	224.948311851	6.0
792.332286062	238.730160805	20.0
805.134879565	257.980383107	24.0
583.58459163	158.001076155	15.0
591.251053284	142.081504495	-2.0
611.679454932	147.654827172	4.0
613.374437923	139.431639243	-2.0
622.025060454	123.779516377	8.0
637.67718332	115.128893846	23.0
670.11776637	126.48034481	19.0
687.563879302	151.556003382	2.0
706.091859132	159.001158025	8.0
731.065335671	193.735033559	3.0
715.288779706	157.413758848	6.0
728.987908982	163.364130398	6.0
735.859270485	176.625256126	-2.0
732.913984421	205.517870498	2.0
738.867609092	375.21075164	4.0
744.910490615	369.167870117	2.0
768.539312879	474.18186555	5.0
766.792073139	480.132728866	7.0
774.346138536	478.408562734	-2.0
774.649446087	532.193184485	-2.0
225.992768651	764.811338218	4.0
213.393098458	751.162878215	17.0
198.639384468	726.966709683	42.0
197.067160513	681.443450774	45.0
721.59703742	763.950809669	5.0
973.658529441	751.574549544	17.0
960.371807284	764.861271701	4.0
924.071807284	764.861271701	4.0
960.371807284	701.987827386	50.0
865.341044725	765.37081258	3.0
956.229450877	635.420722847	7.0
820.378559178	586.971710601	4.0
822.451278647	581.276960662	-2.0
849.115866642	584.683832335	2.0
852.351216649	581.448482328	-2.0
892.206021127	584.683832335	2.0
895.441371133	581.448482328	-2.0
903.137405154	586.319137717	4.0
914.663245688	581.54497825	-2.0
929.684001113	580.922548941	8.0
947.157547168	587.223924799	16.0
959.012959069	601.523622631	4.0
210.082093842	625.978453366	56.0
244.580904577	569.25216125	17.0
243.946270229	545.508853511	-3.0
244.322744486	536.313830883	-2.0
247.231852199	534.148080434	2.0
244.322744486	489.157837542	-2.0
247.231852199	486.992087092	2.0
250.372717848	488.80546672	5.0
250.920784938	479.959578272	5.0
246.512736062	475.800798647	-2.0
251.967821571	462.952613942	-2.0
261.417821571	457.496653898	6.0
255.175711769	451.691608855	-3.0
222.799226793	354.43015193	-2.0
224.523392925	346.876086533	6.0
208.030347112	344.311598971	-2.0
205.410976864	342.601821696	-2.0
189.680797918	330.935525888	4.0
181.307472388	313.231616513	20.0
192.336715907	276.873073254	35.0
224.312668195	260.786915694	15.0
247.307529521	244.555370138	-2.0
263.830512783	244.825424698	-2.0
273.390434097	247.007414354	2.0
281.234591431	253.933276708	8.0
290.994358931	244.173509208	-2.0
297.043309378	249.137754547	4.0
302.496234536	254.253432093	9.0
312.256002036	244.493664593	-2.0
347.769057133	224.462242923	-2.0
343.731544304	177.011982518	-2.0
341.060891388	177.52517851	-2.0
326.073102285	169.262418437	7.0
306.34066708	149.259671766	27.0
291.768663751	104.411657017	72.0
344.49066708	31.8460448232	32.0
391.646660422	31.8460448232	32.0
532.947188736	99.9163751568	28.0
427.811596224	4.07261871864	5.0
497.481830103	8.36973165741	9.0
516.196228321	23.4291518762	24.0
529.464660886	43.4532257691	31.0
571.794470307	142.760040695	-2.0
809.746054014	327.939041817	8.0
812.576233701	288.367959183	24.0
781.682286062	220.283819704	2.0
796.030992246	217.753755666	-2.0
808.649032701	225.038784719	5.0
815.375898146	234.845743745	-2.0
827.179242779	245.565229042	10.0
583.58459163	141.701076155	-3.0
606.410523759	147.081796374	4.0
609.717722709	142.731250557	-2.0
613.101775799	126.399629156	-2.0
613.585073188	111.957107375	-2.0
620.494488537	97.9461990633	6.0
634.505396849	91.0367837148	20.0
660.12745596	105.82968644	29.0
685.45948273	139.774017709	4.0
685.299281897	153.956336399	5.0
687.372001366	148.261586459	2.0
690.512867015	150.074966087	-2.0
706.534370949	149.711691771	-3.0
717.824108052	150.568168283	-2.0
722.439348277	155.944279651	4.0
732.849346257	169.559233477	2.0
731.523237328	156.518539833	3.0
736.138477553	161.894651201	-3.0
735.862972134	204.036833203	-2.0
746.217553843	372.19798327	-2.0
771.403306073	487.033926648	2.0
168.382668245	757.941233463	11.0
157.650925728	740.925085309	28.0
155.352301929	701.532267895	7.0
150.767160513	681.443450774	2.0
987.073378696	764.021710645	4.0
991.145511787	746.180529852	22.0
918.802876111	764.288240904	4.0
1007.23668926	722.853417176	46.0
994.69820739	663.864497839	11.0
861.148854702	764.413972564	4.0
960.840683811	642.321920629	3.0
815.109628005	586.398679803	4.0
848.923988707	581.389415412	-2.0
892.014143191	581.389415412	-2.0
901.175672931	581.395561102	-2.0
930.12651293	571.633082686	9.0
945.173523908	570.038068647	18.0
964.254798499	584.583092182	-2.0
961.495523805	606.206236467	2.0
157.918297325	649.68980788	3.0
152.825186164	628.200282139	-3.0
156.237706671	606.380699153	2.0
167.648921891	587.472402956	20.0
185.363672279	574.284259926	22.0
206.750395146	568.775395897	16.0
226.485300457	571.979634721	19.0
240.508771486	551.410980457	-2.0
244.130866551	533.019413961	-2.0
247.039974264	530.853663512	2.0
244.130866551	485.86342062	-2.0
247.039974264	483.69767017	2.0
244.620784938	479.959578272	-2.0
265.279258846	463.691756978	11.0
254.15527551	458.235182649	-2.0
186.706506471	335.322277578	-2.0
161.292019565	320.516645566	11.0
161.292019565	305.94658746	26.0
156.036715907	276.873073254	55.0
224.312668195	244.486915694	-2.0
273.198556162	243.712997432	-3.0
281.677103248	244.643810454	-2.0
295.081577155	244.214177932	-2.0
301.545870434	243.997370077	-3.0
288.20905287	177.625174692	-2.0
265.094431872	172.685922693	4.0
244.753441252	160.647400573	16.0
229.301170577	142.761393607	34.0
218.81438898	97.3008348023	79.0
278.780564068	32.2715207079	33.0
311.644835677	26.3650449669	27.0
368.359524769	8.62606134679	9.0
415.51551811	8.62606134679	9.0
557.24877532	116.284725395	3.0
550.028487474	76.1105096312	10.0
488.724593605	2.94748037977	3.0
505.09362195	1.43066652785	2.0
538.240591536	11.0139978105	12.0
556.813852521	60.6378618405	4.0
554.71781777	23.3145051691	6.0
561.561565266	39.836773191	-2.0
806.704321955	336.727549431	-2.0
832.851998334	303.500155604	-3.0
834.620596915	275.952805117	15.0
779.417688657	222.684152722	4.0
781.490408127	216.989402782	-3.0
811.799032701	230.494744763	2.0
805.499032701	219.582824675	7.0
834.22467754	254.399924793	19.0
824.664756226	234.548543634	-2.0
604.448791536	142.158219759	-2.0
617.27961123	104.500172202	3.0
613.231942476	98.6847278139	-2.0
623.855396849	72.5904426142	9.0
638.204103033	70.0603785756	24.0
675.27745596	79.589116705	14.0
687.204524961	92.2310712796	2.0
687.942047465	144.456631544	2.0
682.485191283	144.160769399	7.0
678.999281897	153.956336399	11.0
690.320989079	146.780549165	-2.0
735.79833397	168.078196183	-2.0
727.331047305	155.561699817	4.0
774.352293786	485.552889354	-2.0
136.627963097	761.334030461	7.0
128.812969794	746.10797037	22.0
142.009900754	716.149122407	16.0
158.519182233	711.637952799	15.0
152.074223741	684.473563927	4.0
147.666174864	680.314784301	-2.0
150.575282577	678.149033852	2.0
1049.98139075	743.106330407	25.0
1014.53266379	676.119502771	24.0
1048.02416854	698.901976009	46.0
855.879923529	763.840941766	5.0
964.202559185	639.640914481	-2.0
813.147895781	581.475103188	-2.0
920.522048968	575.353871848	-2.0
929.176148828	561.377020671	8.0
938.941932096	551.771781025	17.0
964.444511518	604.725199172	-2.0
159.783997403	653.563974012	5.0
153.726107302	648.732967864	-2.0
156.961457309	645.497617857	2.0
153.973109266	608.78103217	-2.0
153.136721023	605.25203268	-2.0
147.633469068	594.757432009	8.0
147.633469068	580.187373903	22.0
170.320543337	556.491163746	17.0
204.766371886	551.589539744	-2.0
217.238094755	555.016829224	3.0
243.938988615	529.724997039	-3.0
243.938988615	482.569003697	-3.0
159.15614698	332.629780928	-2.0
156.036715907	333.173073254	-2.0
134.491638664	328.887490935	6.0
116.226604126	316.683185035	24.0
99.7367159065	276.873073254	67.0
156.036715907	220.573073254	49.0
267.576996607	177.368536528	-2.0
262.120140425	177.072674383	-2.0
259.825500699	172.112891895	4.0
245.416078545	177.934705505	-2.0
228.36146617	178.04888368	-3.0
223.662782323	177.454331806	-2.0
199.597341137	175.267462742	6.0
177.272162501	166.020070968	30.0
145.588831346	130.25698308	78.0
162.03371445	40.520160273	41.0
204.339909443	18.3161562744	19.0
228.493484404	17.5863122122	18.0
251.474571915	11.5140451267	12.0
298.493169908	1.30663944089	2.0
359.602288271	3.20381006915	4.0
375.971316616	1.68699621723	2.0
406.758281612	3.20381006915	4.0
423.127309958	1.68699621723	2.0
554.567769172	119.646600769	6.0
557.073922235	84.9452053831	3.0
557.073922235	67.2758138793	3.0
561.328487474	76.1105096312	-2.0
484.532403582	1.99064036376	2.0
550.78086156	6.58323854044	7.0
553.839561075	65.0246135308	7.0
558.579255045	29.5096082488	2.0
550.249444097	17.5418422894	11.0
846.146437449	287.478645651	-3.0
777.455956434	217.760576107	-2.0
814.748020414	229.013707468	-2.0
807.118282373	211.442306848	6.0
849.5663939	267.693597693	12.0
839.943848444	234.922217429	-2.0
851.302124257	243.424916199	8.0
613.087421208	103.543332186	-2.0
612.956084596	68.4394020101	-3.0
618.939520286	53.6602001744	4.0
632.574323404	45.3947023974	18.0
660.248466247	57.6452245099	29.0
685.876138568	90.6235141494	4.0
687.50893024	70.3977600622	2.0
690.153512675	90.750033985	-2.0
690.891035178	142.97559425	-2.0
690.153391403	140.98449691	-2.0
725.369315082	150.638123202	-2.0
108.017280919	756.616506148	12.0
105.979862067	741.466936917	27.0
124.760662393	717.473424481	17.0
140.025877494	698.963266254	-3.0
146.805292568	683.900533129	-3.0
147.474296929	677.020367379	-2.0
150.383404642	674.85461693	2.0
1071.25853771	758.565082542	10.0
1008.90288416	651.453826592	-2.0
1090.76887003	719.15488924	49.0
1074.62801985	659.792832632	7.0
849.579923529	763.840941766	5.0
852.729923529	758.384981722	10.0
920.252864173	563.997133449	-2.0
920.846327976	554.499254496	-2.0
923.821762526	541.463023962	2.0
934.869799005	533.930600232	13.0
948.091932096	535.923516135	15.0
156.633997403	659.019934056	2.0
153.483997403	653.563974012	-2.0
153.86047166	644.368951384	-2.0
144.591737009	603.545939623	-2.0
126.837780193	590.695909681	12.0
124.800361341	575.54634045	27.0
146.854900104	556.900385468	31.0
179.470543337	540.642898857	7.0
187.807525683	551.097144054	-2.0
213.045904733	554.059989208	2.0
216.281254739	550.824639201	-3.0
138.35307594	335.082594014	-2.0
123.425152067	340.937481717	-2.0
90.4365337732	344.536923369	13.0
68.3142738295	337.515633671	33.0
37.0911840137	304.083867691	38.0
33.9694651807	258.445953784	34.0
60.3494499061	221.074029562	61.0
201.871508973	241.291706041	4.0
203.463451413	203.816141579	2.0
203.603398079	182.942128554	2.0
72.4414171909	160.882883921	73.0
91.6933628938	72.0868147783	73.0
144.4616594	2.04272686952	3.0
183.18371445	3.88728569293	4.0
296.228572503	3.70697245808	4.0
558.429206447	125.841703849	2.0
561.718337743	118.177121573	-2.0
558.939622314	88.8193715151	2.0
558.939622314	71.1499800113	2.0
558.44906168	3.4069660518	4.0
561.507761195	61.8483410421	-2.0
561.528242758	28.0285709541	-2.0
562.362579459	15.4059697041	6.0
802.649908701	205.669643968	4.0
809.653610719	204.596716283	4.0
814.268850944	209.972827651	-2.0
858.353367721	277.677539352	-2.0
854.525385054	255.352673629	20.0
843.991830476	237.676037627	2.0
851.744636074	234.135449945	-2.0
613.670589113	53.0871693767	-2.0
613.736058967	49.5911047862	-2.0
626.342731592	27.1284147755	12.0
640.122644509	27.6320210546	26.0
675.398466247	31.4046547753	16.0
687.325535249	44.0466093499	2.0
690.457917953	68.9167227675	-2.0
116.80425474	766.600447808	2.0
84.7970078936	760.233308146	8.0
77.8862009298	744.878124969	24.0
92.828196298	716.408531391	16.0
109.640492823	707.164667418	7.0
120.688529302	699.632243688	-2.0
147.282418993	673.725950457	-2.0
150.191526707	671.560200007	2.0
1136.6036631	739.873522027	29.0
1088.63407751	668.90021124	21.0
1109.52355087	672.482071167	39.0
1138.19560554	702.397957565	43.0
920.720776878	540.334357489	-2.0
920.764832366	531.576897591	-2.0
927.048440344	521.959119593	6.0
938.380241471	520.068176429	17.0
959.61777263	547.449356669	4.0
959.61777263	524.397675602	4.0
153.533011754	657.891267583	-2.0
135.624754014	600.67985134	2.0
125.14844319	603.88818547	-2.0
118.027728042	603.023993883	-2.0
103.617507168	594.312711678	8.0
96.7067002039	578.957528501	24.0
111.648695572	550.487934924	34.0
172.108056988	536.761664868	11.0
187.138743457	537.466626368	-2.0
212.854026797	550.765572285	-3.0
100.121660247	355.057775291	-2.0
66.457309265	371.765329766	14.0
49.0655574875	365.905366308	32.0
20.9276008607	339.906047687	21.0
2.64593693116	274.722519085	3.0
203.271573478	200.521724656	2.0
206.412439126	202.335104284	-2.0
201.338800674	185.342461572	4.0
206.552385792	181.46109126	-2.0
3.57150212004	133.000545459	4.0
15.865982484	112.71951415	16.0
19.82335457	90.9333503627	20.0
17.5460202125	67.3263974337	18.0
22.823447823	44.2044763157	23.0
35.117928187	23.9234450069	24.0
121.768765288	4.14595688819	5.0
140.269469378	1.08588685351	2.0
561.37819416	124.360666554	-2.0
561.888610027	87.3383342204	-2.0
561.888610027	69.6689427166	-2.0
560.931626416	8.08957988737	9.0
569.513148031	13.9364905075	8.0
797.380977528	205.09661317	-2.0
800.688176477	200.746067353	2.0
806.08105601	201.630185076	7.0
858.224091239	234.37626849	-2.0
870.842131693	241.661297543	6.0
843.79995254	234.381620705	-2.0
613.471883398	23.7771065591	-2.0
612.874423635	29.312633792	-3.0
616.911716704	13.260423008	9.0
629.481490168	2.49130041466	3.0
660.297587949	9.240129983	10.0
673.414442988	14.2187986224	15.0
692.495717579	28.7638221583	10.0
690.274522962	42.5655720552	-2.0
56.6825718761	758.680157969	10.0
52.6381824932	743.257148403	25.0
72.2564213007	720.21244879	30.0
103.315895908	702.649964718	2.0
111.259742496	699.024149591	-2.0
147.090541058	670.431533534	-2.0
153.14051442	670.079162713	3.0
1161.91894379	756.523644063	12.0
1115.81054147	761.912943367	7.0
1081.02714758	643.985667885	6.0
1097.82507837	633.917375637	22.0
1135.08960022	641.329749897	36.0
1177.85133935	722.144166726	46.0
919.785894283	522.697648343	-3.0
923.260071901	509.759419366	2.0
934.30810838	502.226995636	13.0
947.530241471	504.21991154	26.0
956.643481183	551.836108359	7.0
136.931817242	603.709964493	-2.0
133.360156609	603.080184358	-2.0
100.575775109	603.101219292	-2.0
103.905248146	603.211825183	-2.0
75.5030711502	592.759561502	10.0
71.4586817673	577.336551936	25.0
76.3987264147	548.609192152	50.0
167.901209225	525.203445632	-2.0
184.22119235	534.625792283	2.0
77.0559918737	382.799727211	-2.0
64.1016183193	395.617432454	6.0
46.3156652833	399.091629925	22.0
18.2133050493	378.436468394	19.0
10.6681505192	359.705888057	11.0
4.51163700936	278.596685217	5.0
1.68909691514	270.530329063	2.0
203.079695542	197.227307734	2.0
206.220561191	199.040687362	-2.0
203.82136541	190.025075407	2.0
198.364509227	189.729213262	7.0
1.60976989674	128.076968844	2.0
4.35584787116	125.634884884	5.0
2.5192196731	101.712519898	3.0
1.77903051108	56.3544763157	2.0
5.64075304021	27.0217815329	6.0
9.86990975044	22.3024684414	10.0
15.8533454403	7.52326660561	8.0
141.576532606	4.11600000621	5.0
568.543418263	1.15051475781	2.0
566.471415972	22.7249981215	-2.0
569.955659848	4.64702425306	5.0
577.336805886	8.90853090512	9.0
797.587190829	199.61740088	-2.0
800.212069726	195.761198792	2.0
807.700305683	193.489667248	6.0
874.703568968	247.856400623	12.0
873.377460039	234.815706979	-2.0
607.307252741	16.9812121697	5.0
608.154480206	7.83817173036	8.0
615.961352601	3.00436099216	4.0
624.523508551	6.32135787844	7.0
684.940283521	2.69295808909	3.0
689.981231025	17.7471367506	18.0
31.3610355412	758.715900538	10.0
26.3381824932	743.257148403	25.0
42.2242912266	711.394219761	43.0
85.2589112077	691.740967336	10.0
103.124017972	699.355547796	-2.0
152.183674404	665.88697269	-3.0
1073.76460152	644.724196636	-3.0
1074.99197064	629.276342184	-2.0
1082.78194943	616.124279458	7.0
1097.04650941	610.630387202	22.0
1167.55123971	659.701792831	4.0
1132.21095548	604.14099616	20.0
1165.49015721	619.717342934	6.0
1172.19190558	637.494526704	-2.0
1220.59604084	742.397079957	26.0
1204.45519065	683.035023348	9.0
1218.63881863	698.192725559	24.0
920.995474496	512.159752383	-2.0
920.159086252	508.630752893	-2.0
920.203141741	499.873292995	-2.0
969.812417178	519.993137137	6.0
920.282020597	505.900524277	-2.0
924.319313666	489.848313493	3.0
936.88908713	479.0791909	15.0
953.370614643	477.551952465	32.0
961.254714117	558.737306141	2.0
964.311681303	548.65983587	-2.0
72.9885845964	603.776246909	-2.0
50.1815348153	592.795304071	10.0
34.8961546032	578.762575595	24.0
26.219754497	537.943322413	27.0
50.7487264147	504.182088938	37.0
92.2512982261	499.819992866	2.0
110.725126521	510.485862605	-2.0
184.029314414	531.33137536	2.0
187.170180063	533.144754988	-2.0
51.7170747845	421.756906791	13.0
36.5078853187	420.226848215	28.0
7.23829645494	395.51391511	8.0
1.36163700936	284.052645261	2.0
200.815098137	199.627640751	5.0
206.028683255	195.746270439	-2.0
206.770353123	188.544038113	-2.0
206.032709347	186.552940773	-2.0
1.20584787116	120.17892484	2.0
1.58715257567	53.0600593934	2.0
2.42587573384	33.5757546718	3.0
7.35542319673	11.2857830337	8.0
8.54305165917	1.77438803376	2.0
23.6770032956	2.49530700327	3.0
135.276532606	4.11600000621	5.0
583.543942641	17.1281083461	4.0
584.948597733	1.96946577557	2.0
797.111084078	194.632532319	-2.0
800.020191791	192.46678187	2.0
803.23193201	187.717004369	5.0
810.235634029	186.644076684	3.0
814.850874254	192.020188052	-2.0
883.490542789	257.840342283	8.0
887.243838993	243.425641353	8.0
610.457252741	22.4371722136	-2.0
604.157252741	22.4371722136	-2.0
601.007252741	16.9812121697	5.0
599.231195551	10.458284509	11.0
704.355334152	30.6263898072	8.0
707.456382009	9.55512246233	10.0
5.06103554117	758.715900538	6.0
4.55967211377	688.073274946	5.0
18.9033464111	673.729600648	6.0
58.2272970387	670.085699999	3.0
74.9623862595	681.549502748	14.0
92.3043459687	682.906271584	3.0
96.5589112077	691.740967336	-2.0
1074.6414316	617.74352913	-2.0
1074.21340168	605.989353749	-2.0
1082.00338047	592.837291023	7.0
1096.26794044	587.343398767	3.0
1110.86759746	591.872254964	7.0
1170.03380444	664.384406667	1.0
1164.57694826	664.088544522	7.0
1135.90966166	583.164591021	-2.0
1148.52770212	590.449620074	6.0
1169.35159448	625.912446013	2.0
1161.02178353	613.944680054	10.0
1172.64072578	618.247863737	-2.0
1242.87821655	758.170305554	10.0
1240.77098428	724.005188885	44.0
1195.69795415	677.612772071	3.0
1203.50482655	672.778961332	-3.0
1213.009039	673.527049381	-2.0
973.673854454	526.188240217	-2.0
966.597539872	526.547110276	-2.0
972.347745524	513.147546572	12.0
920.127123643	488.891473477	-2.0
920.58908713	479.0791909	-2.0
981.739530957	494.990260501	31.0
920.524783239	472.070952608	-2.0
928.258864537	455.682110064	14.0
943.430071436	445.770265902	25.0
977.239472331	454.331968988	49.0
964.20370183	557.256268846	-2.0
47.6670482616	603.811989479	-2.0
42.094702545	603.016872276	-2.0
13.6925255495	592.564608595	10.0
9.64813616664	577.141599029	10.0
5.03690032378	556.709693641	6.0
1.16134897103	524.791656644	2.0
13.0680887282	512.884916887	14.0
15.5526422296	489.078259687	16.0
27.3050672831	473.895378213	28.0
64.0505175986	468.266182277	8.0
79.8091625138	479.23452285	-2.0
88.2647231646	496.472355618	2.0
89.1503125775	498.691326393	3.0
95.2002859392	498.338955571	-2.0
183.837436479	528.036958438	3.0
60.8094719024	436.595198453	4.0
47.5196334747	447.378853713	18.0
15.4849226873	440.635793367	16.0
7.66992938487	425.409733276	8.0
9.69411873351	408.415331737	10.0
2.66870023729	287.082758414	3.0
203.965098137	194.171680707	2.0
132.126532606	9.57196005005	10.0
586.97508995	13.0886494539	8.0
586.255660961	4.99957892827	5.0
796.919206142	191.338115397	-3.0
796.93193201	187.717004369	-3.0
800.08193201	182.261044325	2.0
806.38193201	182.261044325	7.0
874.567258135	260.460455061	8.0
891.314200645	252.81238268	12.0
887.68635081	234.136175098	2.0
895.067496848	238.39768175	10.0
597.857252741	22.4371722136	-2.0
701.313602093	39.4148974213	-2.0
712.178992007	25.5984302049	13.0
8.92247281656	764.911003618	4.0
1.8461582348	765.269873677	2.0
1.40967211377	693.52923499	2.0
1.40967211377	682.617314902	2.0
7.70967211377	682.617314902	8.0
11.6408003504	674.468129399	8.0
21.4386747569	666.884010084	-2.0
54.0351070163	669.128859983	2.0
57.2704570227	665.893509976	-3.0
65.2859720129	669.698046832	2.0
76.8065974674	666.361056974	-2.0
87.1938605395	672.358146105	5.0
91.3475059527	678.714081561	4.0
1073.86286264	594.456540696	-3.0
1089.67158059	589.661018534	5.0
1095.31110043	583.151208745	-2.0
1104.99861118	586.003268681	2.0
1112.48684713	583.731737137	-2.0
1118.53579758	588.695982476	4.0
1172.26697062	663.833980639	-2.0
1169.1881812	670.989742304	2.0
1172.24514838	660.912272033	-2.0
1152.38913939	596.644723154	12.0
1151.06303046	583.604029509	-2.0
1172.3005822	624.431408719	-2.0
1168.0672183	605.109984302	3.0
1172.32178353	613.944680054	-2.0
1281.45616933	743.925171747	25.0
1233.58266492	679.279155472	5.0
1253.98254534	680.67454552	6.0
1271.69064167	690.898319703	16.0
1283.0990251	707.86743935	33.0
1191.50576413	676.655932055	2.0
1194.74111414	673.420582048	-2.0
970.658408521	526.339822361	-2.0
1009.08872259	512.174896572	13.0
978.123078379	527.08716488	-3.0
1013.83643534	491.373807922	17.0
916.80665009	465.827886735	2.0
913.008477723	454.450971563	13.0
922.152924484	430.311513767	3.0
935.302924484	420.757479524	-2.0
1023.0742654	475.050601775	7.0
975.10467981	404.077290988	11.0
995.994153163	407.659150915	30.0
1024.66620784	437.575037313	6.0
11.1780389958	603.581294003	5.0
3.51157734217	597.467494847	4.0
3.51157734217	587.661722343	4.0
7.13364961294	566.124913621	8.0
3.39167448157	501.033460971	4.0
64.4930294158	458.976716022	5.0
71.8741754539	463.238222674	-2.0
91.2137108777	494.991318324	-2.0
179.645246457	527.080118422	2.0
187.199311854	525.35595229	-2.0
3.97478807447	453.5511641	4.0
16.7395534945	399.580635985	17.0
206.91408585	192.690643413	-2.0
797.817334605	184.661377342	-2.0
796.980946362	181.132377852	-3.0
800.512945726	176.392058041	2.0
808.001181683	174.120526498	5.0
814.05013213	179.084771836	-2.0
879.961787394	268.036011415	-2.0
900.101174466	262.79632434	2.0
889.624863642	266.004658469	-2.0
903.854470669	248.38162341	16.0
884.585365161	233.007508625	-2.0
887.494472875	230.841758176	2.0
892.553010294	227.380996343	7.0
902.112931609	229.562985999	17.0
721.864118482	36.1192821275	2.0
710.998107367	39.8495884549	-2.0
724.75546665	18.7923824845	19.0
4.33050656925	668.719250827	5.0
12.0833121675	665.178663144	4.0
53.8432290809	665.83444306	-3.0
63.0213746079	672.098379849	5.0
65.0940940775	666.403629909	-2.0
84.0438605395	666.902186061	-2.0
90.3438605395	666.902186061	-2.0
1102.73401377	588.403601698	4.0
1104.80673324	582.708851758	-3.0
1116.57406536	583.772405861	-2.0
1172.13716891	669.508705009	-2.0
1157.34813055	584.303799091	4.0
1164.92940942	592.213963884	7.0
1169.93291837	608.984150434	2.0
1163.87502827	604.153144286	8.0
1302.73331628	759.383923882	9.0
1230.43266492	673.823195428	-2.0
1236.73266492	673.823195428	-2.0
1256.51787368	673.828954955	-2.0
1269.70661841	673.71246355	-2.0
1312.48922625	725.550936651	43.0
1305.30437467	681.725280859	11.0
1191.3138862	673.361515132	-2.0
1018.77384907	522.695748495	3.0
1007.90783795	526.426054822	-2.0
1027.25128459	503.820969024	3.0
1031.32341768	485.979788231	-2.0
918.113713318	468.857999888	-2.0
914.542052685	468.228219752	-2.0
911.827593082	468.702129813	-2.0
901.723768438	463.234213354	4.0
898.903511084	452.097268922	15.0
916.518920189	440.58854776	12.0
921.196084468	426.119323744	-2.0
925.514799859	427.630507619	2.0
1024.69351507	466.910083948	6.0
963.546460575	399.870443225	-2.0
1022.32538874	424.581208502	14.0
991.539698725	376.677739784	13.0
1008.99664307	379.187669461	30.0
1027.29415316	407.659150915	29.0
1028.52764511	443.770140392	2.0
14.3280389958	609.037254047	2.0
8.02803899576	609.037254047	8.0
1.54984511886	592.543918232	2.0
180.952309684	530.110231575	5.0
179.453368521	523.7857015	-2.0
1.00049662805	457.937915791	2.0
1.61938392453	389.271878922	2.0
797.411960078	175.263391568	-2.0
800.321067791	173.097641119	2.0
804.851181683	168.664566454	6.0
811.151181683	168.664566454	2.0
814.301181683	174.120526498	-2.0
901.408237694	265.826437493	-2.0
897.836577061	265.196657357	-2.0
916.319494238	260.378005674	5.0
904.517107962	265.668928343	-2.0
920.951722001	245.740790793	12.0
884.393487226	229.713091703	-2.0
898.040798518	211.721805206	13.0
911.262931609	213.714721109	21.0
723.171181709	39.1493952802	-2.0
740.097183009	32.0860553835	6.0
741.832913366	7.8173738901	8.0
1.18050656925	674.175210871	2.0
1.18050656925	663.263290783	2.0
7.48050656925	663.263290783	8.0
1100.77228155	583.480025083	-2.0
1155.38639833	579.380222476	2.0
1160.77927786	580.264340198	7.0
1172.59760954	589.037691395	-2.0
1172.88190609	607.50311314	-2.0
1352.14496005	745.297145812	14.0
1339.18594064	760.90309982	8.0
1328.49223206	684.242416889	33.0
1355.09810224	713.427666191	11.0
1020.63954914	526.569914627	-2.0
1016.09284292	526.057623869	-2.0
1022.13572444	520.014742347	5.0
1029.11698467	507.695135156	1.0
1024.57027844	507.182844398	6.0
898.903511084	468.397268922	-2.0
887.377670551	463.623109455	4.0
882.603511084	452.097268922	15.0
898.903511084	435.797268922	6.0
925.322921923	424.336090697	-2.0
1027.22884342	460.064493383	3.0
1031.84408364	465.440604751	-2.0
977.434732087	374.324037143	-2.0
978.964512996	370.369440432	-2.0
988.499502098	355.532707783	5.0
1004.54218863	348.20625833	21.0
1035.32787865	362.265611874	43.0
1052.60943385	424.309272951	12.0
1026.26304771	446.17047341	4.0
1031.47663283	442.289103098	-2.0
17.2770267088	607.556216752	-2.0
13.4225682548	616.612810401	3.0
4.98630693691	617.825761661	5.0
2.30755985598	460.968028943	3.0
797.220082142	171.968974646	-2.0
797.588635622	169.403095204	-2.0
800.38280801	162.891903574	2.0
807.386510029	161.818975889	6.0
814.100169396	167.183529159	-2.0
929.738695822	255.724732453	7.0
925.910713155	233.39986673	7.0
933.491992025	241.310031523	-2.0
883.935831879	209.368102565	-3.0
890.219439857	199.750324567	5.0
898.402960426	195.496292495	13.0
912.784737427	191.466707556	20.0
933.355228206	210.678204834	-2.0
742.632511355	25.2404648189	13.0
734.522619585	2.06849531825	3.0
749.656571221	2.78941428777	3.0
7.92301838641	653.973824529	8.0
1153.12180092	581.780555493	-1.0
1152.28541268	578.251556003	-2.0
1154.91029157	574.395353915	1.0
1162.39852753	572.123822371	9.0
1362.74364266	756.331543256	4.0
1351.52889117	760.584737484	8.0
1364.37643433	736.105789169	2.0
1357.8824332	701.92591419	9.0
1301.1862399	663.484941307	4.0
1315.79649333	652.378515399	18.0
1334.04135454	650.394267165	32.0
1360.99673583	673.290374405	6.0
1363.00438984	722.850012841	3.0
1025.28572444	514.558782303	5.0
1028.43572444	520.014742347	2.0
1031.35015085	507.144709128	-2.0
889.860235286	468.30572329	-2.0
884.403379104	468.009861145	-2.0
871.077670551	463.623109455	4.0
866.303511084	452.097268922	5.0
871.077670551	440.571428388	2.0
882.603511084	435.797268922	8.0
891.640965023	436.535797672	8.0
901.43883943	428.951678357	-2.0
906.054079655	434.327789725	5.0
1026.2720034	455.872303361	4.0
982.199502098	355.532707783	-2.0
991.682217449	329.987829716	10.0
1006.06399445	325.958244777	25.0
1074.98361246	382.011821035	-1.0
1062.02459304	397.617775043	12.0
1031.24039032	318.154587864	15.0
1051.33088446	320.957092112	2.0
1068.06597368	332.420894861	14.0
1077.93675464	350.142341414	28.0
1061.39640767	434.293214611	2.0
1050.92009685	437.50154874	-2.0
1057.568425	411.968348888	17.0
1028.74561244	450.853087245	2.0
10.7415621068	619.974685775	6.0
1.83630693691	623.281721705	2.0
797.281822362	161.763237101	-2.0
800.190930075	159.597486652	2.0
802.918136356	156.046313009	4.0
809.921838374	154.973385324	4.0
814.5370786	160.349496692	-2.0
934.349928756	262.625930235	8.0
937.406895942	252.548459965	3.0
933.578913275	230.223594242	-2.0
883.919439857	199.750324567	-3.0
887.118251142	204.279534287	2.0
884.297993787	193.142589854	-2.0
890.581601765	183.524811856	5.0
902.134737427	173.020366456	17.0
929.101484066	177.77533147	3.0
752.317637829	35.7613167415	9.0
741.451626714	39.4916230689	-2.0
755.208985997	18.4344170984	19.0
8.36553020358	644.684358274	8.0
1152.87374271	573.326490619	-2.0
1168.60566429	580.343399812	3.0
1152.79406357	575.844611533	-2.0
1161.44816343	561.867760355	8.0
1170.01031938	565.184757241	1.0
1359.76935121	760.718294947	7.0
1364.1845564	732.811372247	2.0
1295.91730873	662.91191051	-3.0
1296.95822889	656.574917788	-2.0
1298.96593975	642.932750936	1.0
1308.92960443	628.524424765	11.0
1324.10081133	618.612580603	26.0
1357.91021223	627.174283689	9.0
1364.8581731	679.485477485	2.0
1363.53206417	666.44478384	3.0
1364.87008992	726.724178973	2.0
1360.32338369	726.211888216	6.0
1031.38471215	518.533705052	-2.0
873.560235286	468.30572329	-2.0
868.103379104	468.009861145	-2.0
865.808739378	463.050078657	4.0
869.115938327	458.69953284	9.0
863.153511084	446.641308878	-2.0
868.813073146	442.971761405	2.0
867.976684902	439.442761915	-2.0
874.026658264	439.090391094	4.0
875.293217303	430.04839035	2.0
883.046022901	426.507802667	-2.0
892.08347684	427.246331418	-3.0
981.501269242	334.890715968	-2.0
979.76399445	325.958244777	-2.0
984.786847498	310.499492642	9.0
997.936847498	300.945458398	25.0
1031.24039032	301.854587864	15.0
1051.13900652	317.662675189	-2.0
1058.38955943	320.569438945	2.0
1069.91018489	317.232449087	-2.0
1102.23834122	366.510691652	12.0
1078.80501115	320.855208904	2.0
1095.01805338	326.336475889	8.0
1105.40315071	339.940033496	16.0
1062.7034709	437.323327763	-2.0
1064.34539538	432.812177316	4.0
1070.98327426	424.415509989	4.0
1075.05540735	406.574329196	-2.0
1031.69460016	449.372049951	-2.0
14.6029993822	626.169788855	2.0
7.52668480041	626.528658914	8.0
17.8921306779	618.505206579	-2.0
797.089944426	158.468820179	-2.0
797.649205183	155.473282212	-2.0
800.956404133	151.122736394	2.0
806.349283665	152.006854117	7.0
939.744458015	270.201486589	4.0
931.308196697	271.414437849	-2.0
925.426644101	265.246043014	3.0
942.173586611	257.597970633	8.0
936.450055926	248.356269942	-2.0
884.017265493	203.150867814	-2.0
884.281601765	183.524811856	-2.0
884.039133307	175.747839927	-2.0
887.014567857	162.711609393	2.0
898.062604336	155.179185663	13.0
911.284737427	157.172101567	2.0
919.621719773	167.626346764	10.0
930.967184144	181.649497602	2.0
928.14464405	173.583141448	4.0
758.524774584	43.9808941825	15.0
770.550702356	31.7280899975	28.0
1.05523642247	638.935479703	2.0
8.80804202074	635.39489202	8.0
1171.96753966	577.662393664	-1.0
1152.52487877	564.487873134	-2.0
1161.89067525	552.578294101	8.0
1169.27182128	556.839800753	2.0
1172.24348556	564.634331214	-2.0
1361.91995899	735.211705264	5.0
1296.92939089	641.86388764	-2.0
1299.24317412	640.649520526	2.0
1296.85259046	620.29319334	-2.0
1300.88988353	604.240982556	3.0
1313.45965699	593.471859963	5.0
1329.9411845	591.944621528	21.0
1351.19389125	615.257730268	15.0
1364.11734898	635.39386113	2.0
1362.5935757	681.885810502	4.0
860.539808205	462.47704786	5.0
865.712087497	441.843094932	-3.0
872.192231654	428.919723877	-2.0
878.242205016	428.567353055	2.0
975.182383536	314.220281803	-2.0
976.659700546	316.404210534	-2.0
971.636847498	300.945458398	2.0
976.659700546	285.486706263	15.0
989.809700546	275.93267202	26.0
1019.21399445	285.486706263	27.0
1047.54039032	301.854587864	-2.0
1056.12496203	322.969771962	4.0
1058.1976815	317.275022023	-2.0
1111.02531505	376.494633312	2.0
1100.54900422	379.702967441	-2.0
1114.77861125	362.079932382	7.0
1078.61313321	317.560791982	-2.0
1087.7077596	320.587597317	2.0
1095.4605652	317.047009634	-2.0
1102.84171123	321.308516286	3.0
1117.86817428	351.93641576	4.0
1115.89085032	326.181466823	6.0
1122.50040204	337.299200879	-2.0
1066.82796012	437.494791152	-2.0
1067.77654269	428.772718424	7.0
17.5519870952	624.68875156	-2.0
797.855418484	149.994069921	-2.0
800.480297382	146.137867833	2.0
807.968533338	143.86633629	6.0
814.017483785	148.830581629	-2.0
936.770166568	274.58823828	-3.0
943.175605324	266.162027697	9.0
922.745637953	268.607918389	-2.0
921.234454079	264.289202998	3.0
924.469804085	261.053852992	7.0
942.616098428	248.308504379	-2.0
949.997244466	252.570011031	3.0
884.749970452	165.11194241	-2.0
883.913582209	161.58294292	-3.0
883.957637697	152.825483022	-3.0
890.241245675	143.207705024	5.0
901.573046802	141.31676186	12.0
911.092859492	153.877684644	2.0
914.23372514	155.691064272	-2.0
917.107233219	156.609661356	-2.0
933.916171857	180.168460307	-2.0
758.524774584	60.2808941825	15.0
742.224774584	43.9808941825	-2.0
794.85228894	48.0964402356	44.0
771.418958862	2.44095748782	3.0
1152.96739059	555.198406879	-2.0
1162.33318706	543.288827846	9.0
1172.220809	555.358763458	-2.0
1296.14218847	639.520854053	-2.0
1299.05129618	637.355103603	2.0
1302.19216183	639.168483231	5.0
1296.6976935	603.28414254	-2.0
1299.93304351	600.048792534	2.0
1304.2517589	601.559976408	3.0
1307.15965699	593.471859963	-2.0
1317.08121332	573.726192914	9.0
1331.46299032	569.696607975	23.0
1352.0334811	588.908105253	14.0
1362.71973178	603.731889734	4.0
1365.07614044	686.568424337	1.0
854.239808205	462.47704786	3.0
878.05032708	425.272936133	-2.0
969.372250093	303.345791415	-2.0
965.133860013	297.012546796	-2.0
960.359700546	285.486706263	3.0
962.561479672	277.613284757	10.0
966.598772741	261.561073973	12.0
1009.98464399	257.540780948	10.0
1022.6251825	257.393045126	20.0
1054.16322981	318.046195347	-1.0
1112.33237827	379.524746465	-2.0
1108.76071764	378.894966329	-1.0
1113.97430276	375.013596017	3.0
1119.38984418	368.981130164	2.0
1108.90962497	356.210946098	13.0
1122.44681137	358.903659893	-2.0
1085.44316219	322.987930334	4.0
1087.51588166	317.293180394	-2.0
1101.88487122	317.116326264	-2.0
1119.7522876	332.376569903	2.0
1111.42247665	320.408803943	2.0
1123.04141889	324.711987626	-3.0
1075.44474281	425.596445935	-2.0
797.379311733	145.00920136	-2.0
800.288419446	142.843450911	2.0
803.500159666	138.09367341	5.0
810.503861684	137.020745725	8.0
949.382742079	274.381605138	5.0
940.356876526	276.068831822	-2.0
950.787397171	259.222962568	10.0
918.553447931	267.651078373	-2.0
949.04040445	248.377821008	-2.0
887.091245675	137.75174498	7.0
895.585336996	129.440847947	18.0
914.113316826	136.88600259	-2.0
910.900981556	150.583267722	3.0
914.041847205	152.39664735	-2.0
758.524774584	76.5808941825	15.0
742.224774584	60.2808941825	-2.0
835.537473993	68.0164230971	45.0
787.663969586	3.3704068226	4.0
808.063849997	4.76579687052	5.0
825.771946328	14.9895710538	15.0
767.226768839	1.48411747181	2.0
1152.7287231	547.009617008	-2.0
1161.38282296	533.032765831	8.0
1169.94497891	536.349762717	5.0
1295.95031053	636.22643713	-3.0
1298.85941825	634.060686681	1.0
1299.04216183	644.624443275	2.0
1296.83205786	598.920126061	-2.0
1299.74116558	596.754375612	-3.0
1303.29491889	597.367786386	-2.0
1307.47674936	577.446982076	-2.0
1310.41857301	581.846607975	2.0
1307.37088019	566.524821504	-2.0
1314.28029554	552.513913192	6.0
1328.29120385	545.604497844	20.0
1353.91326296	560.397400569	13.0
1364.26495538	579.71674861	2.0
1363.35456571	688.093606451	3.0
851.558802057	465.838923234	2.0
853.282968189	458.284857837	-2.0
957.678694398	288.848581638	-2.0
955.579594406	269.008738629	13.0
1011.9751825	238.946704025	7.0
1026.32388869	236.416639987	20.0
1043.9251825	257.393045126	3.0
1115.84000284	378.887762149	-1.0
1117.33617813	372.332589869	4.0
1122.3388319	367.50009287	-2.0
1083.48142997	318.064353719	-1.0
1122.70127531	330.895532608	-2.0
1109.15787924	322.80913696	4.0
1111.23059871	317.114387021	-2.0
797.187433798	141.714784438	-2.0
797.200159666	138.09367341	-2.0
800.350159666	132.637713366	2.0
803.193567903	131.271867153	5.0
810.946373501	127.731279471	12.0
946.232742079	279.837565182	-3.0
883.914973186	145.4199451	-2.0
878.950727847	139.370994653	5.0
876.747072559	133.637250335	11.0
878.754783419	119.995083484	25.0
903.133658101	111.678166604	10.0
914.262856931	147.902261574	-2.0
770.050615117	88.1067347158	4.0
746.99893405	88.1067347158	3.0
742.224774584	76.5808941825	-2.0
877.252332577	88.1052402183	36.0
845.840193235	113.155585431	31.0
806.669896167	104.215220735	8.0
845.840193235	22.8772607631	23.0
877.252332577	47.927605976	37.0
782.395038413	2.79737602496	3.0
814.246105794	3.46373052043	4.0
1152.45953831	535.652878609	-2.0
1161.82533478	523.743299576	8.0
1169.20648082	528.004806228	14.0
1296.82286939	632.991823385	-2.0
1296.77756442	647.024776292	-2.0
1308.15397561	584.246940992	-1.0
1307.31758736	580.717941502	-2.0
1311.06541823	559.067886331	3.0
1307.01774948	553.252441943	-2.0
1317.64120385	527.158156743	9.0
1331.98991004	524.628092705	23.0
1363.59838944	570.918252491	3.0
1357.42370543	546.534976766	9.0
1364.07307745	576.422331688	2.0
852.865865285	468.869036387	-2.0
849.294204652	468.239256251	-2.0
1003.83466467	240.565953698	-2.0
1006.10619622	233.077717742	2.0
1042.64063532	250.108016073	4.0
1006.30843586	243.70166904	2.0
1006.30843586	229.131610934	2.0
1015.67388869	217.970298886	11.0
1030.02259487	215.440234848	21.0
1047.28705788	254.712038978	-2.0
1119.81874287	377.015203705	1.0
1107.19614702	317.885560345	-2.0
797.249174017	131.509046893	-2.0
819.733347322	137.715221131	7.0
804.958663695	115.855365557	6.0
874.611199974	145.750385697	-2.0
870.627636467	145.007869862	-2.0
910.179092862	102.843470852	3.0
742.806744028	87.1498946998	-2.0
914.354637937	84.2700170251	-2.0
859.854638009	142.256879864	2.0
842.223740657	145.252489811	-2.0
812.064425426	111.790777089	14.0
797.746611512	106.835333514	-2.0
857.990193235	1.83284345116	2.0
910.739807975	66.5146711409	3.0
871.452648698	10.0692691542	11.0
890.554123761	12.0116993148	13.0
906.312768676	22.9800398877	23.0
778.20284839	1.84053600894	2.0
1152.90205012	526.363412355	-2.0
1162.26784659	514.453833322	9.0
1179.80516342	539.039203673	2.0
1181.4379551	518.813449585	23.0
1306.87322821	558.111046315	-3.0
1308.03673989	530.878945905	-1.0
1351.2683962	539.420995429	15.0
1307.8977999	521.456306234	-2.0
1314.80721525	507.445397922	6.0
1328.81812356	500.535982573	20.0
1354.44018268	515.328885298	12.0
1360.91738329	574.280127866	6.0
1003.84159881	235.478050759	-2.0
1003.00521057	231.949051269	-2.0
1003.20745021	242.573002567	-2.0
1003.20745021	228.002944461	-2.0
1006.11655793	225.837194012	2.0
1047.32095665	229.513496006	-2.0
1008.54953936	209.423766851	4.0
1017.16262369	197.221806234	13.0
1031.54440069	193.192221295	27.0
1052.11489147	212.403718573	15.0
1120.63433411	379.165741063	-2.0
1122.05190905	376.464777677	2.0
816.557074834	145.38342125	-2.0
797.696117634	116.593894308	-2.0
861.161701237	145.286993017	-2.0
862.803625722	140.77584257	4.0
796.814038612	110.559638588	-3.0
914.10168335	63.8336649929	-2.0
925.591254845	37.7729426126	15.0
918.462768676	1.93562257577	2.0
928.763041316	13.6808324813	14.0
779.509911618	4.87064916165	5.0
1152.66338263	518.174622483	-2.0
1161.31748249	504.197771306	8.0
1181.11222665	542.069316825	-2.0
1200.71644126	533.60635231	8.0
1187.72725789	542.285447164	-2.0
1178.26616862	494.721339454	25.0
1203.88822774	509.514242179	32.0
1362.79423674	527.895154896	4.0
1311.59233795	513.999371061	3.0
1307.54466919	508.183926672	-2.0
1318.16812356	482.089641473	10.0
1332.51682975	479.559577434	24.0
1359.39917383	502.987961235	7.0
1003.01557228	224.708527539	-2.0
1003.28060819	208.850736053	-2.0
1003.05765705	194.868103593	-2.0
1006.48599516	180.040555526	2.0
1018.39273492	168.133815769	14.0
1034.95558874	165.098560158	30.0
1059.02205412	186.419587995	28.0
1063.640732	223.929559106	4.0
1052.11489147	228.703718573	-2.0
1123.35897228	379.49489083	-2.0
1125.00089676	374.983740382	2.0
865.286190457	145.458456405	-2.0
937.117095378	49.298783146	3.0
925.591254845	54.0729426126	-3.0
937.117095378	26.2471020793	26.0
1152.39419784	506.817884085	-2.0
1197.67470921	542.394859924	-2.0
1151.96616862	494.721339454	-3.0
1156.98902167	479.262587319	3.0
1170.13902167	469.708553075	17.0
1232.25714405	526.952550215	6.0
1218.92428857	539.226308325	2.0
1201.13833553	542.700505796	-2.0
1212.06289446	477.233213323	26.0
1236.38224728	502.232161842	2.0
1307.40014792	513.042531045	-2.0
1307.98717536	486.992527725	-2.0
1307.98717536	477.18675522	-2.0
1352.79259438	494.691773855	14.0
1313.252247	463.159399033	11.0
1326.88705012	454.893901256	26.0
1354.56119296	467.144423368	12.0
1003.38500951	178.911889053	-2.0
1006.29411723	176.746138604	2.0
1003.14234811	166.902677267	-2.0
1014.45844777	141.44359848	10.0
1030.5011343	134.117149027	20.0
1083.32364071	202.787938233	25.0
1076.10335286	162.61372247	-2.0
1086.48845019	176.217280077	4.0
1066.12329674	228.612172942	-2.0
1060.66644055	228.316310796	-2.0
1124.80901883	371.68932346	-2.0
938.982795457	53.172949278	-2.0
959.399271086	42.0203276768	10.0
957.292038819	7.85521100776	8.0
964.210175292	22.8922517442	23.0
1152.79683165	478.305747303	-2.0
1152.04341755	472.436026546	-2.0
1155.0188521	459.399796013	2.0
1166.06688858	451.867372283	3.0
1179.28902167	453.860288186	5.0
1187.62600402	464.314533384	16.0
1236.11858132	533.147653294	2.0
1229.04226674	533.506523354	8.0
1234.7924724	520.10695965	4.0
1239.40771262	525.483071018	-2.0
1220.23135179	542.256421478	-2.0
1221.87327628	537.74527103	4.0
1234.34507016	493.006438921	4.0
1201.42174012	452.092492683	4.0
1217.90326763	450.565254248	16.0
1232.2378379	458.841322252	15.0
1239.15597437	473.878362988	-2.0
1236.19036934	498.937744919	2.0
1239.33123499	500.751124547	-2.0
1365.02406866	485.500417213	1.0
1302.60013454	469.309399033	3.0
1299.63882925	456.574513993	16.0
1303.67612231	440.522303209	32.0
1347.06199356	436.502010184	19.0
1363.34816678	477.128365028	3.0
1359.52018412	454.803499305	7.0
1003.19313158	175.617472131	-2.0
1010.48568148	126.832119974	6.0
1019.8511343	115.670807926	15.0
1104.60078766	218.246690369	9.0
1091.45078766	177.775151855	3.0
1104.60078766	187.329186098	7.0
1089.9195975	172.177821185	-2.0
966.444705847	50.8550234286	2.0
956.884784532	53.0370130844	-2.0
949.981745037	2.1063324359	3.0
983.488661462	37.6851544691	15.0
970.499478088	46.364249323	6.0
976.360175292	1.8478344322	2.0
986.660447933	13.5930443377	14.0
1152.7542547	461.80012903	-2.0
1151.91786645	458.27112954	-3.0
1154.82697417	456.105379091	1.0
1161.87469856	450.910532267	2.0
1165.11004856	447.67518226	-2.0
1185.64198076	447.128677231	-2.0
1239.06756904	531.666616	-2.0
1226.00053468	542.295030968	-2.0
1199.46000789	447.168916068	-2.0
1204.55650482	439.558259996	2.0
1215.91924437	433.379398095	13.0
1243.76367843	470.367162785	2.0
1232.2378379	442.541322252	30.0
1239.13935705	497.456707625	-2.0
1362.9875198	484.431553917	4.0
1304.46583461	473.183565165	-2.0
1300.30146654	473.861818925	-2.0
1288.12869463	469.489884727	3.0
1283.9546884	467.354281228	5.0
1272.82386988	453.053405295	19.0
1278.56437221	418.652460808	43.0
1327.54498	417.302319733	39.0
1365.21386686	481.00253116	1.0
1360.66716064	480.490240403	6.0
1007.27080417	133.386093113	3.0
1003.22313542	127.570648725	-2.0
1003.5511343	115.670807926	-2.0
1008.32529377	104.144967393	5.0
1019.8511343	99.3708079263	16.0
1101.78205886	228.153494493	-2.0
1112.2125795	211.307625239	16.0
1094.81266303	175.094145707	-2.0
1109.21202059	194.23038388	13.0
1098.73180137	181.460199814	4.0
1106.22003733	179.188668271	-2.0
967.751769075	53.8851365813	-2.0
964.180108442	53.2553564458	-2.0
945.789555015	1.14949241989	2.0
995.014501995	49.2109950024	3.0
983.488661462	53.9851544691	-2.0
995.014501995	26.1593139357	26.0
1152.79042531	455.036515795	-2.0
1155.10420853	453.82214868	2.0
1157.06014035	455.554953063	4.0
1163.18176179	453.940645419	5.0
1161.68282062	447.616115344	-2.0
1201.45551917	438.429593523	-2.0
1201.81427773	431.025695454	-2.0
1208.09788571	421.407917456	6.0
1245.07074166	473.397275938	-2.0
1246.71266614	468.88612549	4.0
1202.20570782	433.723093222	-1.0
1227.78338346	411.559911121	25.0
1289.99439471	473.364050859	-2.0
1275.71286109	473.146780565	-2.0
1261.84886128	470.130852012	2.0
1255.24342739	380.987841696	5.0
1274.47688388	374.541436799	-2.0
1294.56737802	377.343941046	18.0
1315.84650751	378.737624203	39.0
1364.77732516	401.880177408	2.0
1003.07861415	132.429253097	-2.0
1005.17529377	109.600927437	2.0
1002.02529377	104.144967393	-2.0
1002.60189594	100.69511	-2.0
1006.50437149	88.363813674	3.0
1017.86711104	82.1849517735	14.0
1036.94838563	96.7299753093	6.0
1124.67760307	223.304007503	4.0
1112.8752168	228.594930171	-2.0
1122.70027911	197.549058566	14.0
1112.72246306	180.367960077	-3.0
1102.16294868	177.420740922	-2.0
996.880202073	53.0851611344	-2.0
1017.2966777	41.9325395332	18.0
1015.18944544	7.76742286418	8.0
1022.10758191	22.8044636006	23.0
1152.00322288	452.693482207	-2.0
1154.9123306	450.527731758	1.0
1200.83533965	422.146446207	-3.0
1249.19523088	473.568739326	-2.0
1201.48338346	411.559911121	-2.0
1206.50623651	396.101158985	4.0
1219.65623651	386.547124742	11.0
1235.91053041	386.547124742	11.0
1263.15592451	473.160965164	-2.0
1258.74787563	469.002185539	3.0
1248.94342739	380.987841696	5.0
1287.35010423	350.241220921	11.0
1304.14803502	340.172928673	28.0
1341.41255686	347.585302932	25.0
1364.58544723	398.585760486	2.0
1002.91069636	112.001260454	-2.0
1002.07430812	108.472260964	-2.0
1002.31218147	87.406973658	-2.0
1002.61672423	80.9538132721	-2.0
1008.1906968	70.3334958575	5.0
1019.71132225	66.9965059998	16.0
1040.80982291	102.925078389	2.0
1039.48371398	89.8843847446	3.0
1044.0989542	95.2604961127	-3.0
1127.16016781	227.986621338	-1.0
1128.10875038	219.264548611	8.0
1133.29896172	208.583456011	19.0
1124.54449032	182.360612792	-3.0
1134.93175339	188.357701923	4.0
1031.67078083	54.8117925898	18.0
1006.06680063	57.6290315294	3.0
1007.87915165	2.01854429233	3.0
1041.38606808	37.5973663255	16.0
1034.25758191	1.76004628862	2.0
1044.55785455	13.5052561941	14.0
1152.87578174	449.458868462	-2.0
1157.14549678	449.97730573	1.0
1201.23730533	395.528128188	-2.0
1204.54450428	391.17758237	2.0
1209.93738382	392.061700093	7.0
1208.09801727	382.340276979	6.0
1215.44938874	374.988905506	4.0
1231.70368265	374.988905506	-2.0
1260.61357571	472.876351671	-1.0
1254.55568561	468.045345523	4.0
1257.79103562	464.809995516	8.0
1275.79188499	346.034373158	-2.0
1288.50701004	315.39696577	12.0
1305.01629152	310.885796163	29.0
1362.68970381	363.044055068	4.0
1333.28540991	322.572516554	33.0
1361.48446158	397.457094013	5.0
1005.0406968	75.7894559013	2.0
1001.8906968	70.3334958575	-3.0
1032.17634582	78.9928882635	11.0
1038.5452255	105.325411406	5.0
1043.75881062	101.444041094	-2.0
1125.06701832	228.053056225	-2.0
1148.64067808	221.87712891	10.0
1136.18795294	228.676831281	-2.0
1139.01813263	189.105748646	5.0
1150.37640844	197.608447416	14.0
1132.97002117	183.434125308	-2.0
1001.87461061	56.6721915134	-3.0
1003.68696163	1.06170427632	2.0
1058.48331941	34.9565337085	4.0
1055.15653716	24.5396536385	13.0
1056.78932883	4.31389955127	5.0
1155.42392206	451.502487844	2.0
1157.42273114	447.69407532	-2.0
1201.44351864	390.048915897	-2.0
1200.83547121	383.07880573	-3.0
1203.6296436	376.5676141	2.0
1210.63334562	375.494686415	8.0
1254.74930356	473.59850313	-2.0
1275.63616185	312.045657554	-2.0
1275.53303194	317.873457047	-2.0
1286.92238619	286.581463423	10.0
1303.25450321	280.637058967	27.0
1365.17226855	367.726668903	1.0
1359.71541237	367.430806758	7.0
1338.83453239	288.724366831	28.0
1358.33446158	392.001133969	8.0
1002.77609939	78.1897889185	-2.0
1001.93971115	74.6607894284	-3.0
1041.6952255	110.78137145	3.0
1035.3952255	110.78137145	9.0
1155.68611284	230.711824662	15.0
1155.68611284	213.042433158	21.0
1135.86813263	183.649788602	-2.0
1162.60788272	188.417090773	8.0
1060.96588415	39.6391475441	-2.0
1064.84166363	35.0605055611	-2.0
1058.66697962	10.6772298355	11.0
1067.7330118	17.733605918	9.0
1158.37290977	450.021450549	2.0
1201.36504619	378.967947117	-1.0
1200.52865795	375.438947627	3.0
1203.32305184	369.745807843	2.0
1211.07585743	366.20522016	-2.0
1275.16084207	284.048247019	-2.0
1278.19609768	267.485393199	14.0
1290.10283744	255.578653441	30.0
1322.02087443	259.454204794	44.0
1364.3266453	374.33200454	2.0
1356.53913988	375.099006878	10.0
1363.13611897	305.092717069	3.0
1043.56092558	114.655537582	1.0
1045.05710088	108.100365302	-2.0
1167.21195338	242.237665195	27.0
1139.38611284	230.711824662	-2.0
1170.90704794	196.744791154	19.0
1163.05039454	179.127624519	-2.0
1070.78011499	8.54135725024	9.0
1073.94014855	25.953183359	-2.0
1196.33646793	374.482107611	4.0
1199.57181793	371.246757604	4.0
1203.1311739	366.45139092	-2.0
1266.74388323	277.63116987	4.0
1260.07070736	264.396882471	17.0
1260.07070736	246.760424412	35.0
1295.89725584	222.445468641	63.0
1364.34891526	243.316455259	2.0
1363.58457464	383.93370263	3.0
1365.00181905	308.966883201	1.0
1045.79409176	114.105111554	-2.0
1190.50239678	258.313897527	24.0
1160.43932008	269.715318628	13.0
1146.0290992	261.004036423	6.0
1139.11829224	245.648853246	-2.0
1185.9783246	221.054811022	46.0
1076.98725174	16.7609346912	4.0
1078.39190683	1.60229212068	2.0
1198.81903266	379.164721446	-2.0
1193.36217648	378.868859301	-1.0
1191.06753675	373.909076813	5.0
1194.3747357	369.558530996	2.0
1197.61008571	366.323180989	-2.0
1269.22644797	282.313783705	-2.0
1263.76959179	282.01792156	-2.0
1261.43826808	282.645711959	-2.0
1241.92070736	278.19714657	3.0
1228.63398521	264.910424412	17.0
1237.40791854	195.734283305	54.0
1291.31014636	158.309297671	75.0
1358.72779932	208.777520523	8.0
1364.15703732	240.022038337	2.0
1210.77816141	273.446093949	9.0
1170.12444655	280.236170551	2.0
1159.25843544	283.966476878	-2.0
1149.15461079	278.498560419	4.0
1146.33435344	267.361615987	6.0
1138.76655314	261.742565174	-3.0
1079.46981648	21.4435485268	-3.0
1080.41839905	12.721475799	5.0
1079.69897006	4.63240527338	5.0
1187.91753675	379.365036857	-2.0
1184.76753675	373.909076813	5.0
1194.18285777	366.264114073	-2.0
1243.78640744	282.071312702	-2.0
1230.00154592	283.159253901	-3.0
1187.31494477	172.308144508	4.0
1200.29617545	154.736618433	-2.0
1363.87575856	181.887294342	3.0
1218.74453417	134.731301001	3.0
1229.58214969	113.461282921	6.0
1246.46213161	96.5813010006	21.0
1267.73214969	85.7436854781	42.0
1314.88814303	85.7436854781	52.0
1363.87575856	134.731301001	3.0
1364.12232858	216.353076877	2.0
1359.17031114	199.488054268	7.0
1361.05605167	238.893371864	5.0
1207.95943262	283.352898073	-2.0
1171.43150978	283.266283703	-2.0
1173.07343426	278.755133256	4.0
1151.63717553	283.181174255	-2.0
1146.18031935	282.88531211	-1.0
1143.88567962	277.925529622	3.0
1147.19287857	273.574983804	7.0
1139.07180738	268.100144737	-2.0
1083.56839905	18.1774358429	-2.0
1181.61753675	379.365036857	-2.0
1178.46753675	373.909076813	1.0
1185.35321255	167.384567893	-2.0
1190.74609208	168.268685616	3.0
1216.06352802	138.093176375	2.0
1214.55234415	133.774460985	-2.0
1226.36727239	120.01525606	5.0
1222.31960363	114.199811672	-2.0
1226.00831959	105.465645304	1.0
1224.9890761	90.5648330038	-1.0
1232.23054795	60.9540450302	12.0
1247.26473742	47.5864445561	31.0
1363.81309703	106.891708475	3.0
1283.38351867	42.7512600557	43.0
1344.61294898	41.5020092981	22.0
1362.91891854	130.539110978	4.0
1361.85773118	218.753409894	5.0
1360.78956081	191.347536441	6.0
1364.20605167	233.43741182	2.0
1175.555999	283.437747092	-2.0
1139.6934896	276.968689606	-2.0
1179.283128	376.059614171	2.0
1176.74596203	375.434258927	3.0
1178.74477112	371.625846403	-2.0
1189.78925206	164.076495594	-2.0
1217.37059125	141.123289528	5.0
1212.96254237	136.964509902	-2.0
1223.21727239	125.471216104	3.0
1220.06727239	120.01525606	-2.0
1226.82391083	107.616182662	2.0
1223.97177073	104.396782008	-2.0
1226.28555395	103.182414894	1.0
1221.21136961	68.4017096858	-2.0
1227.12601682	72.8396014398	4.0
1216.77730585	58.2544582572	-3.0
1215.77456585	40.3990183893	6.0
1224.42518838	24.7468955238	22.0
1361.13209088	110.25358385	5.0
1260.06257385	5.08664094289	6.0
1299.38652448	1.44274029309	2.0
1316.1216137	12.9065430422	13.0
1362.89877466	55.9421817109	4.0
1329.56982004	23.7089131186	24.0
1358.43403704	22.7438770603	8.0
1360.95718632	125.615534363	6.0
1365.00773118	224.209369938	1.0
1361.10506602	232.308745347	5.0
1178.61166211	379.308425059	-2.0
1172.55377201	374.477418911	2.0
1175.78912202	371.242068905	-2.0
1214.22059125	146.579249572	5.0
1211.07059125	141.123289528	-2.0
1220.53626624	128.833091479	2.0
1219.02508236	124.514376088	-2.0
1223.72292518	106.487516189	-2.0
1226.63203289	104.32176574	2.0
1224.24900509	102.113551598	-2.0
1221.85708564	72.2665706421	-2.0
1208.51201979	41.1375471398	-2.0
1203.62949951	35.2554313015	-2.0
1201.59208066	20.1058620708	8.0
1209.38205944	6.9537993442	7.0
1223.64661942	1.45990708884	2.0
1238.24627644	5.98876328588	6.0
1364.28209088	115.709543894	2.0
1357.98209088	115.709543894	9.0
1252.80002779	5.82516969339	6.0
1351.61418326	11.2937590529	12.0
1363.82856629	30.3194334143	3.0
1363.28615646	225.734552052	3.0
1170.28917461	376.877751928	2.0
1172.36189408	371.183001989	-2.0
1217.43528059	127.704425006	-2.0
1198.5503486	28.8943696849	-2.0
1194.28178688	14.356983499	8.0
1202.03459247	10.8163958164	11.0
1217.05025956	3.77752685557	4.0
1245.39684501	4.51928408923	5.0
1249.58515049	12.3791428323	13.0
1364.15445328	6.8629997828	2.0
1359.09396643	224.777712036	7.0
1171.59623783	379.907865081	-2.0
1168.0245772	379.278084945	-2.0
1167.18818896	375.749085455	3.0
1191.24005482	23.145491113	-2.0
1186.97149309	8.60810492713	8.0
1363.96257535	3.56858286051	3.0
1164.50718281	379.11096083	-2.0
1162.99599894	374.792245439	2.0
1166.23134894	371.556895433	-2.0
1183.92976104	17.3966125412	-2.0
1179.66119931	2.85922635528	3.0
1162.804121	371.497828517	-2.0
1176.98019317	6.22110172989	5.0
1173.83019317	11.6770617737	-2.0
1170.68019317	6.22110172989	3.0
1167.99918702	9.5829771045	-2.0
1166.48800314	5.26426171388	2.0
1169.72335315	2.02891170751	3.0
1164.22340574	7.66459473107	-2.0
1163.38701749	4.1355952409	2.0
1166.29612521	1.96984479158	2.0
1161.12242009	6.53592825809	-2.0
1160.28603185	3.00692876793	2.0
1158.02143444	5.40726178512	-2.0
1157.1850462	1.87826229495	2.0
1163.23501956	1.52589147327	2.0
1206	765	3.0
1201.80780998	764.043159984	4.0
