WIDTH 900
HEIGHT 900
671	98
548	358
484	4
487	450
665	124
51	899
549	322
677	507
254	2
538	813
250	67
241	84
682	102
317	377
277	894
325	794
567	758
512	880
74	869
730	877
234	96
37	490
216	64
652	842
229	72
248	17
734	410
260	481
30	897
657	133
112	756
195	423
873	129
302	826
655	114
791	307
232	77
228	509
22	465
41	426
192	568
237	46
480	23
727	414
684	521
688	545
311	837
700	54
153	501
276	887
578	519
557	315
36	877
790	312
640	853
691	520
195	557
214	114
216	92
745	408
65	383
480	52
641	561
637	586
656	401
64	866
759	338
567	316
531	825
667	540
143	45
500	898
775	360
449	532
649	567
660	96
214	128
582	65
185	886
50	464
675	120
699	478
493	431
35	27
705	21
682	91
33	45
307	399
739	843
725	896
544	319
31	487
493	4
208	554
13	67
294	855
114	318
231	349
597	44
1	526
518	839
165	32
586	520
670	574
518	427
717	890
108	316
27	56
673	72
248	76
553	309
489	36
178	888
670	551
484	7
237	509
17	71
281	436
425	588
872	118
33	47
297	371
597	45
754	350
473	18
702	39
645	581
515	848
640	847
71	875
582	63
68	379
618	456
215	553
636	883
494	483
651	567
218	576
780	775
297	353
639	877
463	59
577	102
677	73
325	347
897	514
742	835
513	393
48	883
67	872
130	98
268	434
676	497
217	100
230	41
787	328
492	30
661	840
785	345
582	531
572	100
667	370
17	55
284	869
90	380
647	417
329	774
305	382
520	369
601	501
499	885
747	820
315	798
654	575
669	574
211	530
605	494
489	35
712	481
543	359
280	387
472	513
757	362
204	123
67	431
512	856
306	362
523	379
643	877
131	543
234	55
192	396
155	23
542	338
265	432
726	851
483	475
325	792
507	1
663	844
643	565
471	473
187	561
213	83
156	52
513	894
520	428
636	128
141	86
714	476
302	383
696	487
222	508
477	49
218	560
676	813
559	775
75	366
176	895
208	579
70	864
122	90
92	367
41	471
164	467
664	369
60	412
215	533
707	464
84	846
716	13
650	102
306	780
785	766
81	814
220	819
298	829
453	93
702	500
681	545
669	558
80	852
308	397
184	888
282	875
278	388
312	331
209	550
659	375
19	480
276	875
282	833
300	350
248	57
471	511
126	529
164	27
0	507
624	888
207	139
493	11
38	484
212	525
737	839
612	34
311	810
416	587
605	482
493	888
881	130
477	14
27	498
306	790
102	313
897	78
194	140
526	850
669	84
38	16
37	442
72	830
54	426
643	557
676	795
680	71
322	363
754	851
775	791
184	439
650	126
316	330
889	541
125	537
38	443
704	506
41	5
305	783
250	468
167	461
670	57
473	500
536	372
794	322
210	543
2	56
726	851
646	137
336	316
471	20
696	486
670	129
689	98
535	382
489	425
324	787
684	525
91	780
750	815
584	514
131	543
210	583
166	454
523	401
494	451
195	865
198	97
625	454
762	321
870	588
877	570
684	55
502	1
42	884
750	832
24	38
598	496
223	370
217	531
243	38
71	419
538	387
760	385
7	48
314	784
263	897
660	366
479	494
655	589
563	316
323	318
488	874
519	838
229	53
203	832
701	40
734	858
318	768
34	439
738	831
328	775
771	346
37	45
794	324
773	800
654	572
580	99
505	439
188	882
64	440
514	846
45	477
196	581
407	133
691	518
284	881
210	839
306	388
483	899
515	422
208	365
670	815
205	79
758	382
501	460
210	533
498	25
492	875
112	308
689	92
121	548
571	107
497	896
201	377
231	69
664	386
182	580
310	814
277	415
695	492
427	141
640	557
31	479
326	814
231	551
130	549
295	797
209	86
303	347
214	374
252	497
194	420
487	874
751	789
557	318
733	393
765	794
745	864
146	497
512	832
187	435
37	891
493	23
503	855
540	372
93	363
594	60
665	804
195	384
28	505
218	555
511	404
510	837
189	583
282	427
34	17
187	133
656	570
583	65
551	322
614	29
671	362
679	548
281	410
282	413
561	319
660	556
487	472
514	440
214	537
754	783
290	828
221	826
645	558
683	489
282	837
129	533
69	384
578	97
668	104
345	313
461	530
668	86
155	22
531	807
484	48
178	877
238	61
154	48
87	390
21	471
662	82
227	795
461	40
307	349
752	812
231	96
532	843
211	556
676	84
691	516
232	91
664	528
257	497
267	898
308	396
678	543
589	520
197	849
218	565
712	457
469	489
468	516
127	82
660	377
757	844
669	549
221	105
649	376
290	422
500	450
538	385
703	35
797	318
221	505
327	353
264	463
107	325
230	495
774	319
592	55
15	487
152	514
750	369
657	102
321	329
196	569
461	531
11	502
702	470
75	853
209	119
478	48
320	804
14	496
205	140
294	828
80	384
217	380
462	518
67	419
7	489
92	817
694	531
254	505
480	14
759	820
310	366
220	830
699	15
894	543
26	43
724	0
709	488
86	826
229	106
16	503
191	592
275	853
511	849
471	490
876	577
693	516
683	559
527	827
37	10
663	562
122	531
490	19
280	832
163	7
326	342
314	362
31	473
549	778
62	392
43	9
441	78
475	466
95	360
469	504
239	501
323	348
558	756
192	564
319	380
293	812
310	337
29	455
34	482
307	816
712	454
490	455
451	79
416	142
509	865
211	378
649	592
343	768
516	382
32	884
293	395
211	816
108	780
773	320
528	834
514	832
289	837
785	334
740	861
537	836
708	9
775	366
535	847
770	797
549	333
639	125
23	518
876	564
189	875
288	408
645	99
45	472
684	87
443	99
33	491
732	390
588	68
67	396
91	338
479	502
234	522
151	68
129	100
488	448
457	511
453	92
250	48
597	72
501	861
724	892
532	383
536	396
339	762
773	346
645	566
317	353
556	310
587	531
36	449
317	831
86	839
721	448
650	414
421	574
460	504
59	876
579	68
223	525
279	391
334	321
337	339
654	576
206	840
651	827
505	853
70	845
232	44
759	780
139	62
460	90
209	380
5	513
284	822
732	833
228	71
658	571
515	399
348	768
771	801
316	780
511	417
135	72
675	511
898	65
25	492
114	310
565	756
725	423
868	583
773	810
305	817
692	76
783	347
225	797
759	336
582	532
21	518
188	582
325	356
779	803
134	513
209	102
489	485
92	362
572	539
292	869
783	807
3	64
736	397
432	568
735	847
143	523
128	521
201	831
204	394
649	541
464	493
762	388
287	877
377	161
232	82
169	461
326	357
479	448
488	422
603	64
194	590
248	36
421	142
892	524
193	103
693	497
327	803
228	793
16	52
162	11
210	829
71	834
29	447
501	13
311	822
709	444
767	333
752	381
270	452
445	99
234	506
150	513
194	855
197	842
744	415
64	854
629	428
282	404
244	521
732	884
604	504
27	513
337	759
305	823
663	818
554	335
21	493
344	775
202	558
894	74
496	420
294	811
651	381
533	391
248	50
471	40
40	464
744	824
737	873
530	830
319	355
499	855
263	456
234	69
520	868
30	55
272	0
606	472
528	381
189	560
252	478
686	68
153	35
34	465
208	100
500	874
48	892
78	365
432	583
762	330
197	846
201	85
287	875
486	888
419	135
181	423
599	490
669	799
590	77
740	808
667	514
318	342
490	481
313	838
37	497
316	370
729	857
99	357
664	823
430	108
52	438
475	31
162	11
560	775
736	875
316	366
9	43
482	460
890	117
751	791
683	509
199	544
254	45
346	310
899	74
663	92
761	806
475	17
468	473
476	512
216	514
659	557
649	575
452	52
684	65
595	67
509	417
746	373
720	436
711	25
661	357
495	474
189	868
515	407
139	502
338	314
523	831
560	775
895	516
414	579
425	585
595	57
623	443
43	440
486	481
662	567
497	20
753	808
500	12
162	466
310	842
179	439
268	887
201	399
677	50
258	491
69	868
110	774
206	402
625	450
327	784
77	407
765	805
134	85
545	823
462	65
334	801
724	873
431	582
783	356
466	79
796	311
297	377
791	338
748	351
130	87
139	62
896	533
299	362
58	0
216	830
588	52
139	521
510	863
34	469
649	836
581	537
332	360
172	443
308	845
496	427
129	79
543	788
678	82
670	359
309	327
278	442
286	418
208	848
433	583
897	531
219	373
285	827
768	771
672	74
724	439
34	447
521	825
218	542
645	113
40	3
510	407
28	56
766	805
42	899
186	571
434	105
479	37
229	52
608	40
482	52
224	355
197	133
734	402
20	501
259	893
709	468
82	386
188	860
673	69
1	504
99	323
669	553
457	67
23	26
678	494
695	25
709	473
651	829
221	67
54	879
227	549
283	420
197	97
752	795
693	493
18	492
534	844
694	81
516	420
210	120
214	115
451	60
176	445
662	554
98	767
502	849
56	890
84	404
635	438
752	809
65	868
80	837
127	95
193	590
304	842
64	384
220	123
894	534
180	897
702	461
107	767
660	86
434	129
713	897
708	464
478	505
477	24
109	312
758	820
195	560
652	565
134	516
470	50
283	834
644	138
32	443
730	845
491	420
712	478
545	790
518	383
104	308
720	885
46	859
681	798
444	76
288	826
900	526
439	94
782	798
239	42
50	1
192	857
775	332
552	328
219	374
141	64
663	97
509	416
529	849
93	789
66	890
454	87
213	100
297	860
315	332
18	509
28	897
4	512
72	376
678	804
273	854
459	501
763	337
492	419
744	807
620	460
305	840
215	577
494	19
742	839
234	102
347	325
662	95
626	900
658	814
516	385
766	813
549	775
586	511
779	759
322	825
695	20
80	409
182	583
488	495
434	113
529	854
292	864
216	359
685	503
332	807
211	110
646	389
727	419
422	568
582	515
640	586
781	334
515	828
659	812
252	36
467	487
586	77
37	495
75	418
671	810
40	443
74	411
689	80
237	520
542	819
170	470
543	822
200	854
478	479
605	36
117	98
469	516
184	439
62	848
194	564
469	66
342	776
678	509
304	797
344	321
866	132
266	15
348	770
147	52
681	100
741	411
667	826
245	38
24	467
632	881
300	859
641	561
300	824
668	551
322	771
427	562
629	899
18	482
684	545
601	496
167	455
459	66
41	39
438	551
598	507
741	836
530	363
745	861
472	484
237	88
440	535
215	578
503	900
713	897
93	805
682	490
298	391
298	369
603	49
609	46
124	96
190	571
583	519
671	68
648	136
240	79
290	383
219	803
683	523
312	345
316	809
659	380
675	50
217	566
467	490
528	819
492	8
788	326
670	102
521	824
451	69
551	767
283	848
200	127
660	76
215	829
198	829
26	13
508	411
721	875
451	518
596	487
102	768
56	892
152	494
249	73
502	402
121	540
872	582
511	385
90	379
292	860
555	323
873	123
154	510
5	492
275	448
443	92
177	442
337	316
138	528
309	815
347	330
438	548
688	46
273	866
676	80
234	87
683	54
672	366
748	394
504	414
667	374
500	402
447	99
68	856
600	36
672	509
659	115
548	363
279	422
307	363
768	371
649	555
701	474
323	791
664	519
500	437
468	52
583	520
685	46
679	84
748	799
182	438
791	761
674	569
675	361
761	813
503	881
95	361
196	420
798	314
315	778
471	30
259	489
737	378
708	34
149	491
8	519
716	2
333	808
542	368
767	773
0	536
42	882
54	437
481	504
590	67
19	60
122	106
67	407
227	808
82	835
485	453
701	22
667	365
337	769
458	501
216	802
504	398
60	451
496	464
865	128
867	574
268	428
336	787
38	7
305	835
740	406
44	9
612	468
898	531
239	529
194	116
779	800
4	513
750	857
740	823
63	863
455	99
70	862
605	482
289	854
343	788
223	568
692	480
197	135
696	501
46	457
773	349
330	349
705	472
707	492
726	895
19	484
673	818
16	29
879	568
220	553
759	385
65	408
596	523
55	420
36	877
567	549
454	537
38	435
127	84
533	383
420	129
483	32
40	445
460	50
14	81
228	55
302	406
222	73
306	386
590	47
57	854
316	784
270	873
457	538
673	806
97	340
297	341
194	108
692	525
44	10
96	361
596	61
677	55
195	867
45	891
417	582
218	104
585	69
543	340
135	539
28	44
526	384
319	320
484	898
325	330
751	341
75	395
687	541
653	141
524	405
603	506
36	33
446	529
767	361
48	431
49	863
228	534
312	331
527	836
340	307
716	886
215	520
438	538
246	514
583	64
60	846
735	831
629	450
244	66
750	379
496	475
234	104
211	831
756	349
299	343
734	823
213	78
542	354
692	33
606	485
330	761
55	399
507	871
650	135
229	100
587	66
553	781
213	536
570	100
649	389
322	814
267	436
209	372
638	427
191	574
639	591
723	453
744	417
509	881
767	810
187	856
598	492
669	522
790	785
433	131
436	129
248	509
736	865
661	554
675	562
52	440
697	59
650	90
69	412
195	112
237	48
650	408
426	588
230	113
702	478
474	499
654	408
14	52
504	432
740	857
211	554
784	807
627	450
600	46
647	407
545	326
889	118
619	6
312	383
648	547
592	493
619	18
215	529
652	375
276	848
459	44
650	851
220	127
7	510
289	852
749	802
863	141
880	565
455	70
202	534
775	370
338	313
422	117
418	582
162	23
209	575
119	107
142	64
580	527
545	775
686	532
280	400
67	837
659	397
607	25
213	840
283	385
194	394
329	318
518	376
238	78
528	360
127	554
82	816
467	512
649	382
564	768
434	126
642	406
704	16
677	500
461	491
35	31
82	371
652	406
776	787
33	487
716	471
671	119
516	415
648	550
295	825
230	65
529	840
41	439
594	64
21	503
677	79
35	445
651	561
339	341
490	25
671	101
896	524
741	817
197	137
543	323
544	781
506	453
710	17
753	388
54	866
207	563
327	321
497	442
652	553
715	466
571	537
483	432
196	869
503	864
702	489
711	484
766	772
50	874
231	499
147	52
205	85
304	834
31	30
198	589
480	474
563	774
235	490
468	512
684	62
156	37
595	519
772	799
1	65
85	371
180	894
766	780
57	451
29	34
270	11
766	377
512	865
131	73
231	52
539	819
216	353
663	531
588	86
532	807
307	351
495	460
722	410
222	514
193	862
343	760
534	392
882	567
471	70
474	35
762	365
277	430
484	447
135	75
508	0
874	573
277	410
88	827
189	112
662	124
236	486
46	14
475	486
642	855
67	400
521	401
39	435
157	55
672	555
69	874
153	30
581	540
326	336
778	793
16	38
226	354
638	132
284	861
659	379
476	31
306	370
332	324
659	399
312	360
6	97
517	826
292	407
283	838
438	88
41	30
138	524
752	389
122	542
222	73
271	871
206	79
40	32
694	513
83	374
676	554
448	67
691	73
270	1
431	107
692	28
596	497
323	780
616	481
336	347
751	799
125	82
672	566
894	111
62	846
764	369
669	516
664	109
142	510
887	569
583	82
455	92
728	423
638	567
725	879
203	383
654	135
773	784
737	393
313	342
822	165
323	326
189	557
490	874
728	440
329	318
291	824
710	478
329	345
236	68
112	758
93	338
73	398
463	81
590	52
225	513
464	529
605	27
766	321
47	865
178	432
575	101
480	510
774	769
671	828
253	469
72	374
500	432
424	587
73	873
321	826
185	417
70	836
611	480
486	879
899	89
603	26
740	390
683	63
505	849
707	899
291	807
871	579
181	867
546	802
205	829
492	29
489	873
20	36
870	574
132	513
623	460
225	818
897	97
268	884
290	872
31	29
669	508
529	822
258	19
773	798
207	122
665	838
250	42
581	520
284	405
660	535
643	424
73	376
786	335
681	43
486	483
334	343
568	762
135	90
676	111
417	588
611	24
504	872
193	126
484	482
487	430
755	814
723	874
772	374
212	521
871	133
224	89
675	559
461	78
535	398
670	351
78	842
717	7
67	871
625	900
665	514
231	561
893	519
493	429
290	387
472	49
618	464
678	344
304	359
473	52
615	22
324	813
15	60
500	430
189	864
328	784
29	499
657	542
265	459
190	109
660	558
703	472
20	62
304	786
677	564
227	533
201	840
179	428
37	890
107	306
691	480
734	880
460	93
186	426
107	769
195	553
544	380
772	766
298	406
642	868
778	348
426	131
239	515
225	346
121	103
706	464
70	429
623	458
236	539
893	528
864	139
235	78
569	550
264	470
23	30
284	417
86	390
673	524
662	390
88	811
49	439
44	478
37	440
524	853
82	840
714	444
674	815
777	330
223	541
258	15
226	507
712	457
209	396
483	36
770	791
673	529
459	59
447	528
556	320
210	370
81	363
282	405
297	393
40	23
247	478
84	839
219	78
32	501
543	322
650	849
822	621
580	78
154	497
462	525
187	585
667	361
743	405
336	764
25	466
524	838
578	544
284	406
750	824
137	93
707	21
474	488
547	777
744	856
147	60
252	39
595	526
712	437
655	844
707	490
339	339
700	37
293	811
468	501
196	574
481	892
460	510
271	447
662	128
133	534
319	767
467	51
7	499
51	882
774	361
675	558
599	56
892	88
583	84
502	865
636	407
767	342
306	788
659	393
174	9
889	548
643	561
672	366
106	773
701	505
325	346
216	102
71	863
304	386
735	376
135	66
24	57
598	495
245	469
240	80
741	358
415	575
257	898
735	836
155	481
292	416
640	590
744	818
644	416
624	889
321	795
692	506
675	804
551	324
40	437
640	873
613	41
546	337
495	22
61	412
653	82
192	843
769	790
884	110
631	867
563	757
691	28
483	44
544	353
731	418
146	528
505	897
689	535
29	50
263	452
224	547
45	899
530	851
586	70
513	428
788	771
99	767
16	61
669	81
899	75
134	82
55	433
511	898
60	879
84	841
433	122
644	838
193	418
425	135
756	790
144	503
287	853
605	510
446	538
747	827
289	868
308	810
748	341
648	562
29	57
286	377
706	484
764	375
667	523
577	93
289	819
50	434
876	575
486	37
516	381
19	50
279	409
495	448
775	323
784	769
677	513
240	28
586	84
200	130
523	845
664	534
47	471
208	549
560	306
597	62
214	811
470	44
608	497
162	477
474	518
457	520
140	72
790	767
759	791
541	810
612	14
478	29
526	386
655	857
224	123
458	89
774	785
708	457
648	557
577	86
621	18
699	17
129	89
25	501
16	512
102	775
321	320
293	860
450	63
331	361
542	786
329	772
746	393
897	108
668	351
659	820
14	37
643	138
706	472
253	458
75	871
208	103
779	788
892	86
699	519
641	582
648	412
46	3
483	477
13	34
451	91
228	52
233	90
565	321
109	321
478	493
728	400
691	504
275	871
637	121
7	48
419	593
610	476
68	406
140	49
729	874
281	431
899	516
248	65
740	395
221	531
638	416
734	872
69	431
670	104
677	793
452	512
17	501
265	434
257	43
721	460
754	339
503	404
441	88
453	533
607	52
307	373
753	800
174	436
193	845
682	95
199	564
59	856
340	327
85	850
769	364
475	462
147	50
472	27
454	502
780	803
61	450
789	316
654	98
145	525
22	41
778	331
549	813
171	442
779	350
268	16
680	105
675	520
257	33
492	23
755	799
226	359
787	323
900	515
760	786
216	539
257	2
702	30
21	40
770	322
195	566
275	431
208	527
631	440
499	8
685	511
595	45
684	549
710	20
694	29
636	414
287	411
538	823
733	831
477	0
638	133
681	102
240	509
643	554
512	859
762	384
675	116
779	765
76	865
316	772
271	877
718	457
123	91
471	482
794	786
478	10
441	531
677	806
657	401
663	517
647	845
548	331
198	857
586	86
97	766
222	802
494	7
515	862
180	876
791	321
41	490
59	892
608	491
538	369
532	855
692	32
605	31
733	857
445	88
496	464
201	560
290	852
896	530
291	837
758	820
767	383
314	786
194	132
222	557
889	561
196	388
713	5
199	401
91	327
305	383
417	127
149	38
18	530
221	348
26	484
309	385
444	77
309	387
877	580
896	513
669	829
452	76
38	424
511	402
465	487
895	524
734	427
525	392
743	376
505	455
321	375
750	384
63	838
195	834
315	832
447	545
879	118
159	475
91	365
772	782
897	95
38	39
259	488
492	426
2	52
756	778
92	384
485	892
68	878
744	388
212	74
505	443
147	527
648	116
285	883
231	82
788	758
244	471
708	39
206	840
29	485
687	535
338	335
40	879
93	803
83	827
527	840
22	502
879	565
14	29
7	42
892	96
8	56
13	480
614	28
756	799
429	566
470	490
722	894
676	815
222	548
205	125
82	813
488	438
303	826
419	592
297	797
52	4
14	486
306	827
582	65
841	148
570	553
88	389
623	438
106	769
596	52
41	31
742	861
262	8
60	399
461	491
118	545
41	476
495	884
1	519
478	2
668	128
706	485
65	422
534	833
571	97
311	782
429	111
260	454
794	338
673	814
479	506
663	75
755	367
281	857
60	866
175	885
344	763
208	557
587	66
603	53
420	588
238	31
898	68
240	528
453	539
585	84
532	383
868	127
633	126
71	819
596	503
36	892
718	8
510	856
636	865
749	363
648	382
654	383
79	412
19	21
668	832
636	406
61	394
240	526
456	506
38	898
650	139
203	848
189	851
622	0
201	577
209	375
472	510
271	416
694	493
185	138
622	448
234	91
179	888
443	545
666	533
38	470
541	778
780	786
194	419
262	16
345	309
259	41
8	85
536	846
215	372
520	411
222	350
281	872
738	368
15	476
75	869
90	782
518	423
888	549
2	533
713	464
25	42
527	364
345	767
253	487
628	882
605	55
73	841
306	333
635	413
704	3
213	79
199	403
92	330
540	824
215	563
756	809
220	820
192	124
245	23
526	855
736	424
756	845
623	460
497	870
658	136
337	801
349	317
692	484
335	800
711	480
865	592
54	858
89	392
559	774
699	70
558	313
192	404
674	115
172	440
51	861
696	81
778	799
213	84
310	380
655	562
471	505
724	443
35	35
45	455
476	480
509	893
194	556
680	491
291	872
5	89
677	798
32	491
165	23
429	125
18	527
313	353
623	465
644	387
16	494
22	30
53	5
646	143
311	837
38	491
511	386
511	895
0	73
578	89
779	800
662	383
223	513
172	462
23	498
30	483
161	33
672	354
674	795
593	510
113	313
257	26
743	866
778	811
21	463
621	893
606	496
898	94
712	462
659	579
709	442
662	576
315	797
337	345
779	802
499	871
202	564
307	841
467	69
765	832
646	113
71	849
723	895
474	66
630	0
889	121
90	388
224	548
222	112
8	522
670	540
66	835
760	838
631	428
43	870
313	388
35	11
21	466
504	9
452	76
415	577
228	48
286	866
645	122
117	98
773	809
737	364
447	512
12	528
144	499
868	575
94	319
594	49
584	69
673	119
121	87
534	813
746	843
239	30
493	426
529	816
296	369
690	521
502	6
70	827
44	15
670	822
23	458
267	19
781	329
331	785
693	502
764	778
213	830
31	497
704	495
303	333
103	323
700	31
757	382
207	811
193	586
211	392
506	453
277	404
195	423
319	795
63	393
692	82
226	803
609	40
183	887
224	345
35	483
122	103
162	24
640	431
120	539
890	563
497	464
228	525
103	328
216	551
762	365
104	311
467	493
518	854
147	72
233	496
501	887
709	476
629	445
9	485
505	405
30	476
702	506
186	583
781	764
55	401
524	394
180	436
568	96
38	427
425	121
54	400
80	401
748	858
605	509
599	499
731	889
484	900
451	76
321	774
518	827
4	513
464	531
818	624
789	761
773	769
555	780
327	812
246	40
36	877
231	549
524	815
669	130
20	474
699	481
664	818
515	861
160	35
107	330
521	830
744	815
601	490
260	473
40	4
77	848
19	489
200	117
684	544
586	540
589	58
117	96
295	823
484	893
492	23
225	109
254	46
296	863
508	437
690	493
875	115
280	419
707	487
787	799
699	38
531	409
213	358
313	782
663	106
453	515
302	335
216	87
759	347
865	127
649	112
36	898
529	373
60	868
153	514
447	520
78	817
629	435
34	51
674	512
339	315
230	44
281	427
524	386
530	358
339	343
201	546
617	12
488	455
551	324
725	858
649	839
674	560
879	565
50	465
771	323
123	556
381	157
117	307
275	862
31	451
266	460
45	18
465	68
735	420
94	772
25	477
622	464
893	543
647	105
69	420
756	361
319	373
463	51
672	107
457	50
206	573
206	571
76	860
745	856
6	539
789	757
679	511
49	472
589	526
329	795
581	514
780	356
457	80
134	67
720	891
75	396
299	371
704	488
703	476
89	842
782	354
342	759
3	59
189	419
487	880
281	418
468	510
696	481
510	882
122	104
145	508
707	480
516	391
641	851
457	491
481	44
238	534
494	897
657	571
755	852
294	389
868	575
289	396
193	847
278	885
706	457
634	420
333	337
525	862
676	121
231	557
82	846
70	873
11	76
649	831
777	338
656	87
262	482
222	87
322	797
651	374
209	533
307	343
278	445
526	830
773	783
184	862
680	804
18	474
655	391
49	407
0	96
57	899
449	61
42	438
603	476
525	412
205	384
31	508
481	437
703	16
82	822
117	551
27	455
599	34
707	896
155	39
750	816
792	340
300	348
502	435
694	501
895	543
498	414
324	312
322	316
246	473
41	480
657	583
667	122
477	453
204	563
644	416
212	533
468	477
413	144
655	101
556	778
173	894
462	503
566	756
527	828
82	846
418	126
194	143
203	558
524	816
251	504
604	477
88	819
446	85
72	833
765	353
556	777
695	31
762	371
48	889
614	9
898	546
69	387
473	43
625	12
424	125
208	810
535	366
20	61
207	362
724	416
507	419
690	50
300	808
717	454
490	17
516	420
302	367
567	97
497	858
230	358
18	45
324	788
55	455
199	576
164	457
183	418
447	533
422	591
788	792
51	14
199	130
319	326
492	875
94	790
242	40
681	82
15	46
187	417
242	27
721	878
513	859
239	79
211	88
146	506
278	847
728	884
427	115
286	841
681	347
247	480
470	471
285	845
181	871
489	883
140	81
641	875
19	509
186	135
315	770
258	458
484	47
520	391
678	801
95	354
699	479
545	773
566	554
247	479
256	39
532	834
196	393
733	871
688	486
297	823
235	515
778	324
795	309
459	44
250	14
68	436
52	0
774	358
288	810
289	824
69	867
725	872
219	96
667	563
270	458
449	65
219	104
747	850
458	84
487	893
546	333
218	530
496	475
703	497
323	321
519	432
654	843
297	819
73	818
518	843
15	69
771	798
686	494
136	54
282	421
496	880
161	19
770	789
708	451
240	89
295	406
755	800
881	122
31	487
710	40
43	431
189	855
522	826
152	483
658	398
482	52
108	756
547	321
312	807
482	885
608	486
200	830
709	33
282	881
505	870
151	56
122	90
160	463
214	561
780	308
466	501
669	91
672	65
140	62
768	788
659	117
223	118
655	534
96	768
305	828
73	403
530	393
452	56
82	833
317	372
635	862
154	501
500	441
528	857
314	338
241	77
472	523
435	574
19	65
6	507
295	369
776	364
12	64
783	332
46	4
695	59
629	427
229	517
789	308
670	74
319	826
285	855
589	58
570	107
286	881
152	490
28	462
274	878
687	497
456	93
208	554
456	493
258	444
525	381
242	63
438	98
581	532
509	859
892	73
285	878
94	352
516	844
598	509
262	437
672	78
17	483
500	7
252	503
628	455
541	777
254	500
890	117
476	486
685	80
318	829
207	824
614	17
197	100
206	529
531	842
726	851
453	66
93	362
555	774
731	830
285	375
154	30
170	451
64	415
454	508
685	517
41	21
295	379
216	77
504	450
690	510
673	508
326	765
325	783
795	776
61	389
548	357
650	141
3	508
867	586
154	30
147	71
105	783
679	107
208	543
471	75
220	530
511	880
561	769
445	527
74	422
301	376
897	85
276	403
489	476
530	386
213	359
41	893
429	113
667	559
341	319
68	426
63	381
23	478
651	563
42	867
532	823
153	46
216	538
653	91
782	318
188	429
599	490
114	322
42	475
471	460
448	536
281	426
769	816
309	387
183	417
866	129
645	99
325	781
417	133
675	348
592	77
297	402
667	93
342	764
283	416
651	824
317	359
302	845
760	822
777	795
658	546
311	331
677	104
737	878
16	508
476	49
272	439
289	383
539	843
1	543
164	21
528	824
588	520
212	542
318	383
616	470
764	818
219	510
8	487
221	70
156	34
785	355
667	831
219	127
84	362
267	428
526	842
462	80
478	463
709	9
675	122
691	539
685	93
737	822
623	889
153	43
176	445
73	874
522	416
867	573
755	804
50	451
697	504
533	375
496	862
599	59
659	539
260	486
292	816
772	827
281	876
327	762
139	71
201	119
509	417
206	81
329	325
265	448
449	90
684	557
646	382
736	412
153	503
281	836
693	83
611	479
820	167
57	441
327	770
254	32
563	320
663	571
645	839
671	350
698	526
869	137
201	122
65	888
51	12
189	572
236	486
603	499
126	553
753	331
790	342
666	382
413	134
162	487
892	535
596	66
540	841
281	414
287	822
470	490
118	552
758	346
476	38
224	358
63	842
892	548
446	69
186	869
710	482
877	572
12	511
271	424
283	846
216	74
257	469
640	143
44	882
476	458
491	28
612	472
596	522
312	819
653	388
487	0
95	808
511	412
718	887
84	379
224	54
56	896
677	537
650	94
209	829
744	357
596	499
602	489
90	783
72	401
881	572
701	507
486	446
214	809
38	453
259	40
483	478
672	533
667	83
291	376
329	321
634	419
689	53
717	428
652	558
135	541
703	467
221	549
694	70
545	323
68	379
192	563
575	541
191	854
100	784
425	570
647	120
788	781
501	449
447	90
81	361
87	353
671	560
204	92
542	385
27	458
203	540
568	310
730	834
215	380
198	419
505	852
671	102
894	546
60	895
98	335
492	466
884	103
183	872
560	321
473	21
750	341
175	890
617	7
777	781
571	551
502	862
39	882
74	391
601	44
147	489
640	421
602	55
587	65
122	90
115	311
143	82
777	324
591	84
535	358
136	58
416	575
290	828
556	782
328	309
314	769
260	900
272	868
39	474
700	498
230	499
222	564
638	880
602	482
507	449
645	412
25	456
139	539
670	76
245	76
142	519
798	319
681	554
204	838
203	140
589	500
45	862
695	502
216	538
703	488
49	431
678	113
0	547
120	90
228	352
20	478
0	63
237	532
230	346
233	67
464	479
18	19
773	783
480	505
641	878
659	77
671	353
30	468
239	508
770	790
72	863
729	386
666	106
535	385
230	70
557	783
202	536
106	774
698	43
64	881
204	392
489	42
97	784
517	863
112	761
271	870
193	561
242	498
221	804
522	379
620	451
777	819
732	432
298	348
213	361
636	413
674	62
490	422
41	877
457	496
27	456
748	855
191	126
227	117
156	46
495	479
203	120
797	325
653	369
437	113
527	414
271	454
677	525
651	840
279	417
477	484
573	552
144	79
594	522
755	841
727	878
345	778
371	616
641	859
743	383
313	329
508	867
470	34
621	1
477	469
192	569
508	853
37	441
658	812
211	386
133	541
546	374
42	423
172	464
295	413
70	838
664	805
332	329
224	569
528	393
211	125
7	493
520	843
427	568
697	490
194	421
660	372
470	475
293	850
184	437
340	795
455	536
286	832
48	413
499	886
542	788
753	794
284	394
336	316
235	72
871	575
201	849
62	409
781	795
221	69
725	433
606	498
36	450
671	97
128	526
480	497
600	46
745	370
524	814
749	340
673	557
691	78
900	531
241	79
663	519
295	346
873	130
729	856
662	557
52	414
578	100
96	339
226	800
2	76
443	75
740	815
224	122
609	480
105	311
504	407
108	773
646	549
497	436
483	893
664	364
87	373
9	62
706	460
67	834
50	878
766	385
598	524
204	403
215	801
498	895
0	513
270	418
71	875
900	89
190	581
339	783
591	87
687	90
201	538
73	826
37	48
485	49
204	574
518	395
687	528
309	798
224	94
10	482
250	497
786	325
578	102
258	471
56	881
278	883
205	838
94	817
478	479
483	892
894	541
514	439
528	391
874	569
16	515
310	801
735	368
688	63
81	843
661	105
612	462
468	27
766	773
289	388
468	490
323	820
206	381
791	318
439	111
520	871
725	874
192	569
627	3
303	784
728	881
51	866
326	810
20	25
327	794
458	41
304	844
900	542
469	31
649	866
755	336
651	411
440	546
467	19
635	437
472	70
154	53
447	95
263	473
744	850
16	22
688	36
208	388
640	138
728	417
662	815
450	521
183	138
752	348
95	337
5	507
213	108
667	103
457	512
13	536
647	581
522	381
210	579
188	881
794	767
284	396
601	39
656	366
614	461
658	391
202	859
741	370
689	61
311	834
787	343
186	878
544	333
34	496
529	377
735	835
641	417
94	811
139	76
234	537
544	785
170	2
50	896
70	850
732	831
506	449
756	386
689	30
96	354
453	94
519	381
15	41
34	439
730	392
210	121
721	886
674	364
171	17
558	779
680	97
742	829
18	29
593	518
471	514
170	11
320	367
147	61
242	86
473	476
203	827
58	426
458	74
280	834
63	380
775	372
865	588
544	337
494	441
277	400
634	415
528	367
874	590
217	524
531	386
511	868
221	578
493	20
464	483
445	528
678	800
769	788
881	123
449	543
234	502
20	66
451	94
29	492
197	390
305	846
288	418
259	1
675	76
216	354
211	102
633	887
57	434
672	558
778	767
246	502
482	897
789	789
642	861
635	891
754	364
646	849
335	763
126	550
636	590
664	582
484	894
500	10
624	6
659	552
257	465
197	588
709	493
205	535
340	334
110	312
33	11
654	591
45	890
214	376
751	401
510	433
756	363
794	762
475	459
63	398
604	480
159	471
97	369
152	63
257	480
780	805
893	98
587	57
269	890
885	113
295	392
286	845
476	57
691	525
211	572
730	401
66	406
476	29
719	873
135	526
18	485
518	829
649	859
763	819
56	7
48	412
485	441
783	341
659	819
531	393
604	55
609	490
59	865
323	806
490	442
696	22
768	365
66	379
490	462
768	794
786	769
217	104
474	520
235	542
306	364
523	844
782	316
225	63
238	37
58	409
504	893
63	446
687	496
684	543
750	814
482	17
224	90
812	174
705	48
123	532
723	455
664	840
646	128
244	60
7	69
64	883
706	15
762	338
263	455
596	61
649	398
228	118
675	530
706	468
331	329
4	534
757	836
865	140
680	359
1	531
713	471
770	793
316	800
589	534
226	113
132	539
144	49
316	770
275	898
268	886
94	366
642	427
619	445
300	821
674	50
636	573
290	842
554	315
121	92
87	829
279	440
637	120
635	410
606	503
226	515
125	538
163	37
156	490
427	581
286	852
24	45
536	818
43	24
39	881
685	534
634	571
585	517
634	137
43	11
60	404
479	487
550	766
450	504
558	315
21	10
750	793
489	486
864	590
182	440
100	776
897	64
54	876
50	856
630	433
252	499
634	122
519	382
664	558
292	393
780	762
541	375
226	354
49	891
457	92
445	520
246	31
606	495
411	579
637	427
231	804
889	118
322	324
290	397
662	572
138	517
612	477
615	21
135	75
65	880
767	767
206	551
213	365
438	566
483	504
507	894
37	494
694	57
9	51
320	763
235	519
668	102
643	107
146	52
67	386
793	329
644	556
456	493
246	519
635	865
666	573
190	408
133	519
154	24
678	117
475	519
211	578
746	360
156	474
509	859
892	545
458	492
702	468
349	322
315	347
295	839
523	394
490	490
214	520
196	408
776	772
130	80
141	521
231	516
455	76
635	434
650	91
196	390
292	378
772	762
644	557
605	45
480	479
606	503
11	60
198	95
725	856
755	370
110	765
609	15
289	377
535	383
439	115
169	465
743	823
46	469
120	557
463	525
67	830
688	526
421	136
33	472
330	785
463	55
662	532
697	518
700	500
457	78
653	138
736	374
264	11
294	843
232	548
237	83
19	524
186	437
496	871
70	423
7	87
86	803
645	852
460	62
7	82
713	885
596	524
437	101
782	758
316	832
294	394
698	23
329	804
90	380
731	397
242	77
646	563
701	57
672	517
754	355
170	0
446	531
662	77
331	776
581	516
777	356
73	401
770	342
207	367
652	546
45	25
212	97
887	115
293	817
713	445
769	350
245	29
316	326
95	327
712	890
323	318
197	122
442	526
220	570
126	544
426	132
548	781
880	581
277	874
717	5
216	547
638	569
643	861
644	407
650	87
486	475
796	325
247	61
608	490
899	521
700	503
285	427
200	561
699	468
507	425
212	115
743	838
790	344
323	778
690	507
679	108
739	377
798	763
641	860
201	393
271	424
85	372
477	900
326	367
58	892
39	488
251	473
651	94
450	544
473	471
702	27
231	805
81	407
467	75
18	44
645	102
430	563
221	110
427	124
205	557
517	855
285	847
175	896
768	315
638	583
497	19
269	895
323	364
308	784
475	466
437	565
17	70
671	93
682	98
94	810
501	894
44	29
417	577
524	366
131	93
718	460
297	375
326	350
668	63
900	508
699	497
312	344
739	413
508	855
429	569
791	775
678	86
696	50
697	500
645	568
53	464
55	419
93	811
56	847
691	58
431	579
67	436
145	49
452	53
116	316
766	347
681	102
670	365
341	795
677	352
691	73
676	814
464	511
462	62
187	136
481	6
508	875
329	319
546	771
509	849
490	26
464	63
654	584
650	408
745	813
743	815
194	99
725	407
587	55
729	875
750	362
227	114
54	428
784	764
674	352
751	366
449	83
875	117
501	442
113	758
484	47
246	514
680	66
688	533
613	10
768	370
572	80
333	763
59	391
509	391
203	394
227	117
273	427
663	523
66	434
204	128
207	572
676	110
41	465
511	425
98	807
515	856
245	44
649	412
516	840
145	506
650	848
613	491
187	432
79	846
97	338
1	543
58	430
670	377
200	864
73	866
101	786
770	338
206	536
668	533
662	841
789	319
260	6
172	460
476	36
4	72
622	899
207	552
83	367
607	45
683	546
203	849
136	78
463	70
71	834
666	527
320	817
461	501
510	398
597	518
60	415
0	61
738	390
764	352
223	517
249	521
754	814
572	92
71	394
521	379
663	80
508	423
316	333
433	129
200	542
496	417
748	794
230	560
652	847
104	762
633	881
657	102
738	377
719	458
500	428
451	543
221	827
797	765
545	767
716	6
36	443
709	42
415	575
705	487
245	26
754	377
212	375
152	38
459	62
59	439
518	426
762	335
422	594
476	510
440	89
201	587
322	806
67	849
581	95
896	90
532	358
463	56
646	583
456	74
159	38
707	18
666	114
296	355
676	91
309	781
765	360
453	499
300	830
524	855
259	490
246	63
651	824
726	856
195	548
455	53
176	435
280	404
576	80
519	417
755	401
774	359
251	496
575	91
196	400
768	346
787	310
451	86
752	828
746	356
763	350
283	847
492	421
198	100
10	543
783	780
757	824
327	349
690	65
779	356
610	32
661	832
40	1
205	836
492	878
656	78
670	555
59	899
663	74
735	870
685	53
794	788
485	896
689	533
784	314
560	774
738	399
218	532
549	360
667	814
282	376
648	541
137	89
444	90
304	831
658	129
204	831
866	588
666	556
501	410
512	398
626	1
598	58
260	39
232	556
473	488
144	506
346	325
758	813
323	321
90	817
43	466
785	798
176	439
27	65
670	106
213	369
594	526
316	378
204	93
46	420
69	429
285	839
721	443
527	819
176	894
746	819
749	856
71	373
209	111
310	792
652	557
514	886
645	562
309	395
579	552
484	29
121	534
549	783
870	576
690	43
320	781
558	324
143	520
228	92
463	30
179	430
602	35
564	317
286	862
196	142
149	504
223	64
485	494
66	859
660	394
450	514
205	112
481	15
306	802
526	365
520	371
477	23
206	391
176	880
456	528
483	505
282	427
305	851
452	85
494	889
4	76
558	309
582	529
705	490
485	47
188	565
264	884
658	394
520	854
286	874
31	29
766	381
91	807
198	413
311	393
518	878
514	415
174	892
477	47
652	99
283	878
163	480
768	375
285	829
742	815
483	476
774	351
675	371
458	77
527	862
60	406
664	76
683	526
484	12
616	465
695	57
14	504
316	783
339	786
485	19
227	559
254	17
777	773
85	834
281	420
770	767
684	521
193	420
238	62
493	893
761	802
774	778
648	828
122	85
76	849
9	68
38	459
653	139
77	864
153	25
643	555
30	3
514	854
677	542
187	886
789	313
647	856
302	379
694	29
492	28
653	95
649	849
107	756
668	520
309	381
449	98
582	90
212	549
646	103
673	523
320	326
194	413
184	435
28	487
291	353
700	461
664	579
46	872
21	68
201	398
530	832
458	540
731	407
49	467
708	20
732	417
563	773
664	367
775	815
298	826
663	583
145	56
131	516
640	415
135	519
885	559
704	502
80	395
41	430
188	566
341	795
770	328
305	387
475	33
183	433
489	3
664	531
681	803
106	779
211	74
680	494
642	138
746	809
196	389
15	503
343	336
773	778
51	16
284	415
122	533
644	861
604	487
259	38
213	354
696	527
71	866
514	837
731	871
566	102
212	580
75	820
432	562
694	531
60	408
695	506
635	431
328	814
300	845
216	352
3	93
517	871
132	524
264	430
584	540
246	78
175	884
201	122
742	836
721	894
781	767
224	359
206	852
229	92
485	442
93	327
341	344
16	24
512	426
35	491
266	17
155	508
661	832
797	312
230	507
720	419
278	876
158	48
702	8
682	545
511	419
671	522
151	42
530	378
514	859
617	459
144	502
312	371
202	548
187	860
500	886
202	854
417	123
226	83
782	338
728	895
438	548
579	546
466	73
678	806
37	7
865	578
728	852
771	375
287	826
770	796
89	354
268	8
638	865
777	350
492	895
767	334
127	98
500	862
287	382
68	396
10	64
668	85
215	78
665	104
324	345
764	359
661	809
95	822
519	839
579	526
764	822
629	441
707	29
42	435
318	331
598	518
526	393
685	549
679	806
556	763
742	853
306	345
75	410
196	129
646	392
129	527
670	108
750	847
666	827
508	4
30	26
31	505
461	528
453	536
509	874
769	347
194	562
652	141
699	465
232	516
452	545
701	465
786	766
121	105
248	54
203	826
452	507
478	455
122	551
791	341
544	360
4	527
38	450
72	419
54	860
672	563
691	539
150	516
711	35
716	458
24	517
47	21
120	541
776	802
500	472
586	82
484	458
761	372
337	309
18	76
715	19
43	448
501	404
470	470
40	29
680	104
652	408
201	591
43	23
171	461
456	514
38	892
86	842
469	493
793	329
665	515
543	335
50	868
522	829
669	807
254	494
645	859
650	396
486	435
552	766
717	875
721	410
743	828
14	75
7	59
606	482
667	61
38	484
1	536
188	589
592	46
341	767
525	837
205	554
487	493
755	817
200	397
508	417
8	535
625	896
17	31
688	538
158	19
492	418
42	438
303	844
190	118
766	378
685	508
365	621
280	843
215	542
457	85
744	389
198	577
485	47
181	872
650	557
300	370
669	814
731	832
323	337
109	778
181	448
482	471
757	846
139	70
647	396
871	568
6	502
149	67
347	315
283	825
647	102
763	794
328	323
76	396
283	876
661	380
648	391
458	534
218	365
673	549
500	441
646	854
201	401
635	136
330	322
306	354
114	310
646	577
623	466
303	363
125	86
54	881
631	438
773	820
513	884
217	386
673	564
313	323
795	309
763	786
481	53
678	56
505	456
51	20
648	590
313	385
443	89
94	365
418	594
711	34
24	458
485	10
453	52
200	565
704	40
264	900
540	351
447	78
683	556
898	73
899	81
465	510
430	580
162	484
729	417
199	383
85	811
202	96
758	370
657	99
40	450
679	527
224	540
278	396
508	405
749	402
736	370
538	819
255	26
482	44
72	832
300	834
774	313
279	868
671	826
296	850
244	496
873	122
23	517
709	898
196	577
86	382
282	864
92	829
687	517
134	61
614	9
99	334
285	819
225	503
645	123
58	886
125	532
662	520
52	434
33	25
491	877
621	446
247	66
712	896
553	785
522	393
112	307
589	521
172	893
289	411
764	773
426	584
150	31
215	831
166	457
646	101
84	368
506	896
452	535
705	493
443	93
200	567
652	398
582	545
507	437
72	827
245	38
66	843
155	508
289	358
30	467
252	50
638	417
73	850
866	124
284	420
614	12
521	383
66	438
90	359
345	323
342	314
263	882
643	113
328	356
164	466
735	433
223	368
756	842
221	81
764	346
641	413
149	63
469	52
196	868
42	875
97	355
653	556
239	503
161	38
292	850
79	855
190	572
587	523
91	820
149	39
174	451
736	834
299	388
58	857
91	805
140	499
645	547
31	53
464	493
215	386
537	820
284	874
648	544
591	529
42	471
878	570
594	525
760	372
536	814
305	343
155	27
492	884
655	137
661	85
223	358
13	486
652	830
191	115
672	515
743	396
239	547
658	569
202	110
176	887
236	85
59	429
222	90
32	455
440	540
755	784
338	791
481	52
620	895
520	370
673	364
519	381
597	502
689	541
315	333
666	572
224	561
593	509
548	336
793	764
276	440
162	470
199	100
157	38
456	44
288	822
261	448
500	866
668	355
295	835
477	474
765	800
71	430
526	833
690	542
344	780
536	376
561	777
494	0
463	482
127	545
302	832
308	797
516	420
233	58
673	108
522	849
668	580
330	781
164	458
157	49
646	582
269	416
275	875
681	51
304	338
213	562
130	537
702	16
96	778
102	774
151	506
766	792
195	401
462	511
243	478
16	483
899	92
687	71
223	351
134	537
669	548
754	355
104	784
785	804
798	321
206	380
310	370
43	875
76	865
582	536
695	84
11	54
778	796
573	540
725	875
473	7
246	521
213	366
464	485
65	864
779	309
339	331
4	89
657	88
14	45
69	832
233	560
581	536
39	464
707	22
235	106
669	510
216	358
567	313
588	68
617	30
244	477
217	82
78	383
261	457
458	500
298	412
880	133
653	115
286	839
678	118
195	866
183	126
255	451
644	557
306	367
645	100
442	113
337	792
60	392
203	99
28	23
739	413
259	449
207	578
195	562
321	775
652	860
639	433
116	551
262	7
266	13
77	849
869	573
227	88
311	804
315	359
156	477
637	876
765	367
34	898
766	817
239	515
28	509
667	353
488	455
58	5
481	20
493	437
735	847
639	573
173	3
330	777
232	505
320	783
628	430
688	44
760	369
308	821
663	100
0	521
437	573
491	418
716	879
743	349
691	508
447	510
693	472
314	776
19	23
754	365
279	852
24	15
274	450
784	322
327	776
489	480
747	401
465	486
763	348
212	114
294	397
653	843
63	888
541	810
40	460
522	863
542	829
660	371
697	35
769	819
127	519
445	523
295	817
74	838
665	544
662	823
584	66
732	849
142	57
707	12
650	119
237	63
499	872
657	812
547	812
591	512
496	467
470	492
867	581
239	490
163	37
205	384
759	331
213	571
218	64
192	587
30	45
455	63
219	129
528	402
73	368
602	494
64	431
35	436
708	488
159	38
674	567
127	70
705	497
233	533
242	487
74	400
294	350
88	385
882	576
227	510
548	768
74	869
196	416
583	524
19	493
483	444
622	0
446	65
285	377
336	344
703	58
487	15
171	898
689	47
183	442
776	782
284	374
721	460
575	531
900	74
569	544
251	27
310	394
580	75
768	354
498	423
247	502
659	81
672	507
298	795
221	352
469	464
248	20
707	482
706	13
455	498
221	565
53	893
71	875
525	868
202	102
708	458
225	84
743	869
154	486
93	824
599	64
766	832
95	373
183	432
213	823
679	545
50	461
147	497
266	471
256	44
304	335
299	352
450	74
442	522
772	368
287	856
262	3
82	836
304	802
225	516
96	325
331	765
441	546
268	459
677	96
743	402
490	488
47	886
723	1
250	16
22	494
206	405
79	859
719	448
5	499
673	107
202	537
766	791
443	530
690	90
523	372
726	868
329	346
87	381
191	586
148	491
468	42
200	115
216	369
460	38
590	52
774	767
28	31
275	403
512	411
143	80
200	131
31	37
754	833
196	381
443	531
642	122
157	43
702	46
748	852
509	393
249	27
513	446
749	397
88	359
70	831
881	129
257	446
214	371
295	814
669	572
467	73
582	535
668	84
492	23
613	18
508	421
667	536
765	386
657	589
18	499
261	473
479	489
293	402
134	86
444	85
484	440
703	505
207	570
477	45
98	784
430	124
228	118
864	587
45	14
150	57
278	430
471	11
898	535
33	445
210	387
34	12
84	819
648	557
691	33
338	774
419	133
211	526
194	584
431	574
502	889
511	871
786	797
261	5
222	796
9	538
547	803
748	397
674	804
640	580
560	768
746	846
92	790
516	840
313	322
513	414
348	314
237	542
615	468
715	427
561	767
787	775
636	567
346	779
584	531
445	89
505	900
529	825
797	769
203	399
812	174
201	377
292	812
686	74
79	826
202	133
84	370
711	18
722	451
464	489
115	758
149	485
679	105
174	7
265	438
301	847
98	331
276	423
474	472
633	887
187	574
666	809
680	496
184	435
866	128
662	545
864	140
606	46
219	72
297	397
315	323
483	55
453	48
25	510
576	105
759	846
569	97
346	320
242	29
315	825
243	86
656	546
35	494
900	65
630	881
489	885
511	389
205	539
638	109
206	815
468	506
893	532
192	406
656	836
747	857
206	118
580	516
276	879
482	464
198	105
525	416
201	584
321	806
578	553
700	508
249	462
299	817
518	886
500	417
486	890
708	32
244	64
656	574
16	44
167	460
671	570
790	314
427	587
318	367
668	828
499	454
661	127
791	762
47	409
786	309
657	86
634	135
724	888
676	549
754	350
603	510
28	505
771	373
63	439
452	55
653	88
480	484
755	813
781	354
677	77
23	497
793	331
719	11
105	760
46	466
698	47
308	355
702	468
495	879
189	583
93	361
470	471
192	860
50	890
691	508
53	457
239	522
666	548
664	363
636	864
253	505
70	402
185	407
577	94
489	427
271	421
683	70
166	19
708	897
580	534
203	855
329	812
221	122
7	90
228	347
512	837
341	762
719	421
739	863
461	60
500	16
78	822
196	142
682	51
194	138
231	84
14	35
491	478
263	884
544	370
203	113
646	389
729	865
620	444
777	781
316	366
326	316
745	386
531	811
692	476
792	312
150	483
892	549
159	17
223	559
596	41
507	457
155	502
676	525
506	448
157	38
692	535
315	330
220	829
205	407
208	362
782	772
132	531
773	809
428	124
59	406
342	780
80	856
133	80
204	391
473	503
188	876
718	422
508	1
154	490
38	872
886	116
735	420
52	2
785	782
506	418
468	502
331	808
463	508
221	822
779	816
471	34
453	75
253	511
276	440
530	838
528	830
297	827
248	54
204	370
138	74
614	20
73	366
530	381
604	510
202	538
18	21
327	798
759	325
291	405
784	789
246	40
486	4
100	766
471	45
706	461
340	786
508	449
5	541
425	590
733	392
598	57
680	355
47	13
166	20
547	812
877	576
287	415
532	807
196	417
220	377
665	78
220	796
209	107
663	520
184	875
123	100
17	54
46	428
252	20
257	17
254	27
555	770
518	845
241	83
86	395
450	63
701	19
678	502
480	9
248	510
162	23
412	137
692	53
37	886
190	409
704	40
23	67
488	494
585	545
215	384
325	337
295	803
220	126
218	75
319	314
477	28
45	13
104	310
282	390
45	415
727	392
731	424
657	114
597	68
514	428
94	322
651	91
659	73
790	763
736	876
330	803
698	50
895	78
191	573
683	523
611	45
677	564
285	883
597	487
225	353
515	380
685	60
647	557
200	413
288	837
187	426
309	379
106	308
45	862
750	362
253	6
753	380
441	533
551	770
735	378
604	62
14	27
590	524
275	885
71	877
227	95
444	532
668	81
734	874
71	412
197	113
289	386
666	388
283	390
99	355
746	399
738	399
598	518
593	78
39	436
510	430
461	50
736	419
39	19
290	360
702	32
673	370
692	39
654	84
238	528
286	388
627	1
177	896
490	453
203	388
501	850
708	42
203	538
892	96
465	35
235	57
486	888
110	318
490	33
890	539
273	446
75	420
483	490
696	482
79	392
756	777
89	819
5	507
894	87
777	312
209	95
472	490
741	417
14	85
297	386
491	464
641	108
743	854
205	556
772	317
635	411
243	87
32	481
623	443
34	458
650	119
224	570
767	336
656	847
435	571
48	5
508	884
321	762
205	568
313	805
279	852
137	70
189	120
668	514
662	531
642	111
655	96
452	512
601	515
652	566
704	29
230	503
512	396
9	52
51	0
255	501
325	784
527	861
729	421
529	396
737	376
625	433
226	806
676	117
62	883
136	507
80	407
202	838
427	139
227	517
254	25
493	36
214	390
683	517
784	332
788	771
887	569
797	766
483	455
201	122
193	871
665	578
515	385
702	52
268	893
201	116
898	548
211	374
48	894
655	79
199	852
726	400
454	66
202	107
549	789
56	433
560	760
650	396
62	387
278	391
192	400
255	501
676	807
20	26
296	831
647	127
154	498
314	780
62	421
215	838
46	878
448	530
236	496
724	850
669	68
203	843
33	493
423	134
460	495
161	487
533	391
684	89
285	872
79	399
648	568
677	557
290	846
774	817
220	128
47	426
892	83
229	112
729	874
235	56
72	863
432	573
767	767
694	505
721	458
454	89
737	823
728	407
65	828
772	792
15	523
652	88
576	540
426	121
229	548
225	544
764	781
566	307
176	883
248	524
560	322
479	31
251	513
621	14
642	399
88	830
300	787
544	782
216	379
75	814
84	815
670	579
290	420
449	64
545	362
491	433
743	418
94	357
233	89
633	580
785	786
767	779
726	441
865	143
894	524
35	48
759	375
584	60
67	846
501	888
213	526
619	8
193	419
73	367
334	348
590	527
539	378
230	80
762	344
318	831
665	545
650	580
665	818
220	552
22	484
301	391
144	518
54	888
743	361
177	879
45	436
634	893
55	890
80	390
683	498
784	347
707	495
565	756
878	563
92	377
778	805
640	853
773	318
543	816
459	506
332	776
655	129
57	850
231	101
253	58
10	514
182	416
575	547
207	529
663	376
161	464
36	467
538	371
734	410
701	50
741	859
48	869
473	48
742	856
95	823
293	850
688	492
155	485
771	348
722	442
289	383
894	98
451	68
183	889
326	765
717	462
769	338
637	852
290	365
325	780
779	766
454	500
111	325
10	40
539	384
592	519
178	427
677	70
767	377
757	842
237	45
652	831
74	850
320	795
324	330
504	882
689	519
464	506
642	878
452	71
95	773
55	433
779	350
519	422
94	356
676	540
302	791
48	886
655	819
211	108
501	874
56	895
656	540
40	471
611	492
229	98
324	774
669	546
716	424
61	847
50	416
1	501
742	851
239	32
436	572
227	557
34	469
755	383
538	381
138	84
475	477
3	76
713	7
782	758
753	376
765	352
188	884
244	58
637	414
726	881
302	783
212	392
233	512
478	63
449	516
68	870
635	434
41	3
477	41
491	25
28	514
522	838
61	417
193	130
195	556
418	139
269	879
58	866
88	810
228	73
104	333
43	479
484	488
603	483
17	30
897	74
287	813
655	139
317	804
524	827
188	428
590	58
235	40
692	526
760	365
158	478
321	805
655	544
152	31
639	878
595	494
30	464
191	875
24	505
304	782
580	527
545	769
526	847
685	65
338	329
345	763
260	482
36	36
198	127
10	537
718	13
336	800
82	808
568	98
654	408
575	104
437	575
192	390
888	566
432	131
594	497
212	102
568	539
313	354
513	835
193	564
295	389
184	584
304	360
68	852
54	4
557	758
757	336
670	80
426	119
309	823
97	356
306	369
4	69
877	572
654	549
239	70
682	516
69	874
57	426
167	15
631	878
729	427
335	798
687	70
56	426
490	5
631	871
655	829
334	311
672	558
32	22
188	565
728	409
705	2
449	106
29	9
692	498
428	582
496	871
665	518
69	873
576	77
877	575
69	373
632	433
699	483
614	10
769	351
339	326
664	357
759	780
326	781
635	431
488	469
672	568
215	554
752	343
899	83
231	50
481	476
871	139
297	818
615	461
43	876
681	98
13	47
733	864
91	337
78	823
712	8
208	811
521	861
484	481
509	895
271	873
26	1
702	20
413	583
28	460
700	16
473	520
24	42
528	378
237	483
54	419
70	383
504	877
777	816
287	386
775	761
721	896
720	433
488	452
648	543
620	470
102	773
152	29
686	56
14	523
456	86
735	846
751	360
331	358
188	859
43	892
472	494
670	372
582	76
652	127
223	502
640	119
322	822
501	862
165	16
693	35
272	431
160	476
132	65
10	34
74	406
184	878
40	427
869	573
323	796
305	822
214	839
754	357
315	818
21	510
619	14
281	398
193	871
224	99
260	456
77	818
481	7
98	803
61	433
131	526
596	64
495	425
544	364
451	521
600	486
899	539
335	794
487	469
480	896
668	527
151	30
56	848
306	832
232	51
266	886
498	435
675	85
623	899
534	380
299	387
728	844
275	425
646	849
872	593
484	39
338	783
318	376
473	30
69	382
59	437
228	536
479	57
154	63
700	468
343	775
899	547
319	329
62	898
734	878
707	497
644	411
109	760
791	793
209	79
169	471
691	26
638	877
651	97
291	873
501	894
525	420
207	569
300	835
524	399
434	116
686	553
732	854
269	429
450	505
773	344
318	367
434	132
666	113
486	479
634	417
765	382
215	92
307	800
704	469
419	586
865	594
551	772
473	482
316	814
676	528
343	329
314	787
495	453
700	473
41	438
615	16
247	513
47	891
482	437
750	848
153	500
121	102
511	899
252	485
250	513
612	485
609	34
733	884
271	415
324	788
94	369
188	409
673	55
134	510
540	390
33	496
47	876
638	412
481	16
213	78
682	89
322	793
773	324
480	470
309	809
865	593
893	533
210	821
81	360
689	515
152	486
152	516
652	859
489	431
715	889
653	369
61	411
545	378
263	890
463	73
296	833
242	78
528	841
651	851
44	423
562	771
288	366
158	471
298	412
628	0
294	815
780	761
444	539
263	895
241	509
585	78
794	758
535	396
323	337
757	838
585	66
697	49
225	367
201	849
604	476
69	881
21	486
222	795
31	478
653	842
274	887
264	898
147	496
211	130
794	336
662	527
211	581
545	355
602	66
765	317
279	871
225	112
91	382
647	119
487	7
205	556
695	37
233	531
655	128
31	14
278	869
416	582
209	577
878	120
156	58
888	93
643	102
661	553
228	116
741	375
85	401
755	350
590	526
625	891
287	871
434	575
237	94
634	860
679	551
194	132
546	774
219	77
130	92
637	866
227	352
224	521
277	870
505	434
658	365
463	33
525	826
494	448
544	807
699	42
229	44
546	336
760	363
299	340
9	53
640	117
157	32
723	430
36	457
549	360
196	135
315	799
529	845
292	856
304	794
255	469
669	576
309	349
307	792
71	850
664	824
29	41
453	48
240	517
269	419
424	593
780	785
311	373
38	877
72	854
326	809
426	588
650	573
206	827
10	482
50	437
252	459
324	791
650	409
291	417
106	313
745	403
16	493
497	417
323	364
34	436
342	757
463	52
81	391
767	783
756	377
89	353
663	365
645	413
660	569
142	82
557	309
690	44
211	94
445	516
325	767
200	380
738	860
518	431
329	317
734	860
655	104
654	407
559	776
285	400
16	486
674	509
8	527
598	489
75	406
238	66
520	375
702	58
451	544
144	68
217	571
687	92
526	403
113	316
731	838
423	118
450	80
523	423
124	90
93	375
53	437
509	869
862	590
51	857
152	507
494	443
114	773
681	79
427	132
651	537
205	386
621	1
508	438
497	880
27	458
177	428
541	379
890	115
707	44
241	92
655	95
670	117
192	553
197	584
778	773
308	350
726	877
868	128
661	565
583	548
1	510
493	880
524	841
767	367
207	822
44	889
463	30
519	872
600	65
289	858
165	454
67	888
756	843
16	57
303	789
746	822
26	495
737	428
110	767
67	431
250	505
32	507
726	412
75	371
330	316
187	884
61	868
690	37
166	473
503	856
76	865
180	880
30	892
696	31
273	451
690	513
155	505
284	384
220	823
29	468
452	542
153	36
210	383
59	891
506	846
749	341
191	116
217	116
678	50
13	494
779	333
329	772
595	513
522	398
526	812
452	102
670	368
317	792
240	502
497	448
164	5
224	50
330	309
227	50
700	41
284	373
219	810
725	877
450	523
194	125
298	858
144	500
797	779
665	834
206	86
649	404
283	877
55	400
730	414
654	818
656	854
2	511
130	527
13	508
82	400
737	816
539	358
64	856
185	574
213	386
541	365
720	0
661	813
137	52
15	530
446	64
578	84
597	58
123	550
271	884
520	832
230	352
194	587
707	497
40	465
661	123
309	802
91	817
14	499
343	776
437	128
200	558
673	58
509	865
524	822
770	372
271	886
757	362
458	505
206	78
64	838
69	825
307	331
666	581
270	427
307	836
43	28
643	116
754	798
775	327
761	786
436	576
675	354
697	56
454	509
652	583
193	556
710	891
214	818
219	108
416	142
56	877
479	450
257	899
226	564
235	522
192	119
35	19
523	830
48	861
535	364
36	477
468	17
594	533
284	432
646	96
767	775
177	454
865	590
762	341
646	409
44	455
57	425
45	13
512	834
245	485
895	518
29	494
244	522
65	848
489	454
604	477
68	836
212	100
683	69
188	865
731	397
771	330
446	548
797	330
474	506
289	367
669	544
551	330
328	764
274	854
247	22
68	379
603	492
751	405
775	316
786	320
768	808
538	382
482	473
65	433
251	482
22	10
297	820
289	410
312	805
248	505
53	867
101	765
651	536
62	416
633	863
475	53
766	806
301	794
650	411
681	546
892	524
64	875
306	396
577	77
693	70
471	23
480	496
217	120
23	32
777	781
313	839
223	88
175	448
668	826
896	74
255	496
739	361
769	362
702	10
527	417
713	5
760	331
456	89
210	807
118	545
78	846
458	532
14	514
153	501
192	568
647	398
744	402
777	802
258	466
279	435
9	540
883	571
50	440
1	502
528	390
208	851
122	545
54	2
623	11
623	441
336	316
235	551
648	543
213	113
471	491
114	759
482	507
499	863
293	858
44	430
472	475
531	403
463	486
568	100
707	32
467	62
321	319
763	826
650	862
253	487
68	377
230	505
887	574
651	384
23	14
696	476
590	505
215	833
701	498
55	396
866	593
645	139
23	68
495	423
692	488
616	470
611	34
640	591
703	472
670	113
214	389
235	103
646	869
737	421
667	562
54	888
555	312
602	516
551	331
33	481
579	84
302	795
468	487
536	383
14	57
172	446
609	29
235	537
422	124
686	47
775	318
95	818
714	434
536	839
227	795
312	829
192	135
719	1
66	885
304	358
758	822
678	543
735	858
651	858
646	113
311	812
220	549
297	807
662	574
244	26
318	791
663	826
597	62
644	548
701	478
704	461
344	308
248	507
120	84
329	355
295	368
14	55
732	842
518	402
869	130
287	817
756	829
689	502
245	71
443	78
297	346
706	481
277	432
521	426
874	132
49	443
130	66
424	142
4	49
713	474
254	18
676	555
528	396
288	369
189	575
490	481
746	352
28	899
303	814
666	100
710	448
251	19
760	395
40	437
244	513
62	436
235	52
512	423
885	567
478	37
249	520
653	586
63	856
463	501
295	808
206	390
462	530
320	344
672	520
745	829
217	120
774	351
25	12
315	776
680	348
686	537
749	823
764	332
656	852
868	575
561	306
675	522
295	835
760	816
188	414
53	425
642	413
768	371
488	480
457	537
39	481
500	898
785	352
18	530
726	433
515	845
663	112
309	793
459	531
619	471
601	493
767	348
594	71
750	398
675	366
99	773
175	892
541	835
647	853
469	464
526	408
86	386
319	349
602	59
635	121
469	70
102	768
452	102
712	468
759	334
762	373
524	815
775	339
260	456
51	427
695	475
771	778
681	555
107	332
657	588
288	874
306	327
630	446
181	897
189	588
655	108
24	5
791	780
120	548
765	377
69	416
259	895
669	359
652	119
344	314
319	330
170	467
332	780
81	826
540	819
217	66
682	101
644	108
592	518
793	326
653	408
775	339
46	461
587	91
17	61
290	366
659	559
186	873
728	434
673	105
7	520
425	565
534	811
625	453
166	473
766	371
185	882
211	833
583	66
301	814
764	327
207	380
455	98
247	497
459	93
221	508
619	18
331	329
710	19
198	131
24	6
324	351
569	543
445	526
344	329
193	868
638	122
475	498
724	874
152	63
247	37
645	396
733	420
891	541
744	804
671	507
798	326
253	16
223	565
256	455
646	130
739	844
449	534
308	795
458	62
738	878
77	389
159	50
495	888
739	393
725	449
249	22
13	528
181	876
59	847
44	15
595	55
301	401
686	58
207	88
197	546
323	337
37	470
332	324
794	328
756	786
316	821
94	770
289	374
251	476
458	487
245	474
299	343
895	514
184	873
208	361
507	436
691	478
743	368
289	361
535	804
670	371
309	775
754	819
40	485
262	27
185	871
639	141
655	852
478	452
633	442
40	9
662	819
327	795
501	407
611	28
43	873
663	572
788	331
206	133
633	439
448	91
131	93
485	480
88	840
677	83
15	524
312	383
98	804
274	423
477	514
778	321
545	812
166	468
546	355
203	383
52	464
14	524
771	762
309	791
654	839
473	474
767	802
642	424
74	423
322	377
229	499
208	390
245	527
637	888
33	3
487	35
40	484
333	335
296	358
35	11
593	506
226	568
65	853
159	24
337	802
471	512
193	555
780	807
482	35
766	353
42	465
302	345
561	761
478	504
709	4
723	427
661	372
504	878
465	36
40	439
503	884
688	540
711	893
315	812
103	784
700	509
266	437
25	452
770	319
638	871
476	39
37	466
265	878
795	325
71	845
714	469
742	862
705	493
498	472
765	830
227	525
231	354
286	384
679	359
285	421
57	455
74	384
730	387
492	37
658	114
749	789
885	579
693	58
226	815
649	838
646	843
67	840
283	876
511	865
52	452
521	866
470	46
418	137
790	312
186	588
755	369
6	541
229	808
318	777
111	314
56	855
330	344
33	35
30	6
222	576
261	453
663	539
288	849
758	800
871	135
650	572
728	890
519	859
479	496
73	837
554	763
666	76
790	325
334	311
93	338
586	64
456	547
317	335
186	121
664	840
162	20
237	72
711	34
243	531
136	95
41	24
666	379
683	539
606	501
674	68
7	82
695	509
61	385
209	122
78	855
754	829
82	833
46	899
208	106
458	491
894	542
239	496
239	45
693	499
741	359
63	441
628	442
884	119
151	514
9	526
784	765
686	71
14	530
614	462
651	407
108	766
234	524
330	800
693	476
636	859
487	891
26	510
146	495
310	811
222	74
677	813
736	879
248	512
136	512
888	119
587	69
490	890
97	364
309	394
213	828
161	487
879	137
304	853
528	371
900	91
675	101
636	129
87	367
742	828
693	66
459	44
721	863
483	438
283	405
663	829
276	861
197	549
606	35
765	773
322	357
25	500
58	852
323	804
218	113
334	769
85	850
20	484
645	856
210	116
640	414
739	813
764	827
207	401
24	13
130	83
464	79
466	473
740	425
890	85
23	42
151	49
738	831
125	87
206	572
22	68
313	796
743	413
72	396
495	417
607	494
629	893
227	542
49	473
792	776
321	828
43	892
231	490
72	371
884	124
653	848
190	557
666	574
310	843
633	128
116	767
438	125
286	398
202	383
191	566
315	365
559	316
284	870
193	852
594	521
212	120
203	373
43	873
891	92
294	820
430	114
466	47
690	541
37	450
578	553
256	461
217	530
770	319
94	327
330	768
749	378
236	507
11	88
125	539
541	781
632	881
883	569
326	327
650	585
137	537
238	507
646	103
28	505
541	786
481	26
192	390
126	88
208	576
230	76
299	816
329	780
90	378
204	371
541	835
469	78
51	400
48	21
224	121
679	494
664	356
306	348
54	434
651	854
641	848
26	497
484	484
118	547
208	551
334	346
324	800
526	869
506	460
259	491
627	447
319	811
257	484
879	135
0	520
155	509
303	405
546	776
11	52
180	1
600	507
197	133
771	828
322	317
798	766
63	400
783	776
751	817
766	350
464	500
764	341
476	485
500	446
537	382
22	475
236	545
673	60
499	419
253	480
8	52
765	368
674	502
29	503
559	325
516	837
510	387
519	841
204	367
237	548
124	82
712	7
547	325
743	389
254	24
189	122
655	856
884	124
248	519
790	776
236	537
725	401
498	882
227	557
747	834
38	475
232	524
651	535
635	880
505	851
767	353
436	113
220	828
204	120
604	511
31	9
577	535
299	360
155	489
686	69
721	868
681	81
479	474
477	506
17	512
619	462
610	47
646	420
12	42
742	405
735	400
308	358
236	550
586	527
434	127
634	863
549	334
233	546
217	537
496	422
669	380
14	39
59	853
682	552
757	832
436	120
42	11
247	516
446	74
475	25
661	822
790	316
215	813
326	760
232	522
598	489
725	419
520	824
751	389
687	508
71	407
334	342
591	538
331	352
753	789
493	897
135	89
145	39
130	517
650	373
482	29
101	763
687	501
758	791
288	391
589	540
870	144
491	468
285	404
190	563
86	369
754	392
676	793
12	530
212	819
483	34
338	769
797	779
452	82
900	524
23	72
551	326
793	781
191	121
307	358
758	808
69	875
217	581
530	400
569	540
766	348
244	503
664	561
897	543
127	538
218	512
738	868
753	795
325	782
506	846
415	132
864	593
55	876
86	367
205	542
703	35
687	517
481	1
18	492
25	480
547	340
559	309
473	482
223	810
735	426
590	74
43	869
780	800
41	12
305	382
648	857
15	53
488	463
222	112
782	309
221	88
559	316
696	39
198	90
514	415
612	13
223	354
539	363
34	442
298	350
294	829
642	109
343	315
593	527
794	762
8	490
454	91
60	855
876	576
274	421
476	508
460	64
226	357
319	322
307	829
268	448
211	379
228	536
675	61
490	445
7	61
680	103
256	5
661	530
658	138
339	316
152	38
309	781
3	69
205	558
298	400
144	499
248	487
689	85
58	840
74	841
686	508
213	394
898	509
83	360
658	394
689	67
345	780
635	858
169	463
492	884
222	58
694	536
140	539
260	463
462	493
700	67
286	367
91	379
202	141
35	482
448	530
484	52
213	546
222	110
482	891
185	861
665	561
766	352
729	880
193	856
0	534
261	443
731	877
622	896
660	826
524	843
147	49
296	826
667	90
206	844
494	883
878	135
730	386
30	11
202	572
72	423
187	116
777	803
265	4
179	434
34	443
681	355
431	136
431	117
207	382
286	426
659	373
465	533
60	842
3	497
326	786
425	120
592	68
790	321
196	557
9	80
752	823
445	94
723	444
192	419
750	845
684	508
486	456
647	415
761	796
347	761
221	376
724	447
530	860
626	2
626	889
125	83
20	26
239	47
759	782
659	820
596	64
499	463
654	122
292	855
316	331
241	25
484	25
241	476
52	410
232	90
822	165
198	135
651	391
531	409
673	512
200	405
444	532
328	779
637	426
794	334
149	520
251	466
523	865
178	5
42	877
509	449
764	781
105	313
21	513
713	461
637	118
254	11
478	492
638	559
181	448
702	41
532	855
518	403
639	434
191	869
204	378
237	514
529	408
511	899
227	547
729	439
479	504
285	834
235	99
55	423
746	805
433	125
473	462
702	21
45	868
175	433
183	862
295	866
199	406
29	23
661	831
454	534
184	437
447	539
600	490
201	381
28	11
462	56
139	65
498	16
270	897
669	566
789	782
650	413
460	63
523	407
317	377
765	787
759	780
322	331
290	847
739	816
222	105
504	899
620	472
203	122
301	830
665	110
704	465
746	824
620	469
743	393
715	892
687	487
215	566
720	440
190	114
717	447
162	484
689	481
331	357
748	380
201	565
313	779
471	497
239	485
688	517
499	414
229	45
206	848
93	321
74	400
768	776
279	435
316	378
683	93
762	815
65	828
763	376
677	554
786	312
652	836
183	421
675	111
771	354
888	567
206	390
211	542
212	536
208	848
789	762
537	392
313	347
896	519
702	6
296	820
278	425
437	550
676	66
189	860
328	801
654	111
765	363
50	438
498	3
635	579
191	856
672	510
337	330
749	405
196	586
523	423
302	392
778	770
496	460
66	424
77	865
180	424
491	889
788	793
36	491
265	18
778	787
496	437
30	507
477	9
89	354
717	20
230	491
742	391
777	765
611	496
46	460
699	69
70	377
542	370
325	346
726	865
645	100
320	808
745	372
228	529
180	893
251	20
678	505
270	439
6	90
147	47
68	832
193	571
616	28
76	857
790	794
711	462
692	30
477	47
764	377
669	525
50	471
610	490
752	833
232	557
423	131
639	126
247	498
93	828
68	418
6	494
773	343
658	846
699	517
342	314
538	832
54	872
451	84
206	826
874	122
724	860
41	473
30	477
749	804
42	19
59	877
500	854
470	485
13	484
66	397
745	360
567	99
648	403
318	337
799	318
743	861
200	393
128	84
508	841
26	8
55	900
344	759
268	426
171	447
129	90
515	392
244	499
662	569
671	533
211	570
92	781
4	517
732	878
212	533
869	589
298	364
128	101
42	5
756	786
577	85
510	450
334	763
179	882
58	399
623	461
215	385
308	374
277	853
657	402
666	72
641	133
524	815
264	438
506	456
307	790
489	462
238	87
184	577
143	517
749	796
719	440
893	539
598	501
80	853
526	404
160	493
334	316
255	451
741	407
686	540
729	398
720	457
465	517
327	334
739	844
186	436
878	587
119	538
892	545
708	454
66	408
43	23
644	859
773	796
33	472
239	538
66	407
721	454
25	11
636	130
227	531
616	2
757	391
193	406
194	556
508	456
211	568
684	492
271	429
447	509
282	851
661	110
779	803
293	371
67	874
86	810
725	887
158	30
637	875
617	452
728	410
179	879
313	372
881	584
77	811
68	848
585	529
512	892
793	316
652	853
138	84
621	11
202	545
261	7
686	103
475	47
694	80
334	803
328	795
262	6
596	517
788	321
769	794
218	540
707	20
659	129
2	540
674	366
490	870
2	65
674	81
538	825
208	107
605	38
31	485
228	809
669	351
241	537
753	812
504	428
707	5
736	829
287	413
227	363
346	766
475	499
210	81
601	510
706	19
686	509
329	347
485	437
131	84
535	808
451	541
470	23
762	389
94	332
510	850
487	483
479	511
234	90
16	512
244	67
524	372
501	448
250	490
775	815
168	460
702	58
473	68
659	834
601	502
532	371
14	476
500	411
202	827
664	519
500	899
647	831
554	316
154	474
678	531
425	588
270	454
648	106
237	513
326	820
427	566
286	417
470	59
61	881
255	55
169	20
215	65
146	514
341	790
293	843
268	889
210	396
678	362
136	545
271	428
97	367
469	508
718	3
278	388
292	407
772	793
713	894
292	854
345	325
489	421
28	21
444	93
290	864
676	111
192	852
241	515
57	848
544	365
298	842
624	437
308	834
292	852
318	331
532	811
766	370
754	401
323	352
343	768
757	809
671	348
425	122
261	450
674	88
695	508
210	577
45	884
482	51
229	110
622	11
509	433
85	360
556	776
286	865
640	878
74	364
659	571
222	377
415	139
211	582
233	83
477	54
76	409
17	18
674	85
325	311
206	102
153	38
519	836
326	804
776	778
261	465
716	472
165	485
78	387
873	592
754	780
580	100
462	517
138	90
213	579
518	854
126	548
182	891
51	446
768	817
642	114
153	31
457	498
97	812
204	130
460	543
222	524
682	529
217	821
718	886
197	418
231	107
604	494
745	802
62	859
456	92
36	457
69	884
602	42
651	124
223	542
446	521
673	368
310	820
232	532
330	328
219	508
103	770
320	795
91	779
757	840
147	52
559	765
321	827
86	382
677	120
756	819
689	42
103	324
303	349
323	351
640	875
129	539
585	528
239	547
685	75
878	116
703	10
171	447
563	309
223	366
663	377
517	850
760	772
485	6
251	40
758	776
309	838
675	818
659	834
614	24
157	469
676	104
261	20
732	416
144	522
280	849
473	460
511	424
100	761
53	419
695	492
29	466
267	11
1	540
12	483
743	368
276	852
755	360
543	812
49	24
197	551
65	437
695	483
491	874
592	47
210	72
539	816
64	424
662	821
343	313
792	783
608	53
277	418
510	397
682	43
157	34
758	374
747	347
496	464
46	898
656	103
267	8
506	424
648	106
223	117
50	445
150	486
696	37
707	448
232	84
759	358
633	890
712	28
766	766
876	126
138	519
217	104
187	139
728	409
524	390
211	582
153	40
212	552
451	94
117	309
643	868
294	384
529	833
124	539
638	117
459	59
245	30
148	520
742	859
81	368
785	348
732	389
233	81
654	141
636	121
36	435
444	542
142	524
164	27
201	550
661	97
669	378
687	89
224	104
64	378
619	6
244	47
787	773
713	886
32	39
263	891
291	367
784	343
640	395
667	118
772	765
138	66
41	418
659	568
259	449
678	527
207	560
694	532
263	893
541	831
203	836
730	875
625	461
654	402
237	96
574	551
882	583
283	831
693	30
586	531
768	361
538	831
321	321
627	430
691	503
219	549
790	326
272	413
340	334
762	388
241	64
57	856
759	809
555	777
133	82
899	74
501	444
220	557
747	797
247	472
283	393
258	460
196	128
246	53
785	783
77	368
46	429
617	471
142	75
588	532
128	531
642	553
228	494
468	485
2	528
279	882
620	472
261	442
873	576
222	104
391	148
220	364
182	420
197	867
650	142
161	489
672	572
9	80
780	362
619	24
208	830
573	546
310	350
503	9
270	448
736	398
794	763
119	539
24	488
657	386
45	413
756	381
290	413
580	86
731	854
313	390
891	565
204	128
643	583
479	18
667	121
687	514
868	122
482	3
648	840
750	852
451	505
83	373
33	26
676	571
215	365
674	79
443	548
871	570
57	866
660	536
588	513
666	518
437	575
548	803
18	45
720	452
478	498
18	36
673	79
199	552
213	121
50	411
465	76
430	588
43	26
240	48
53	900
548	786
247	65
744	415
490	424
675	100
308	814
562	310
72	413
130	551
498	897
518	829
418	124
50	15
35	46
32	889
672	363
454	515
648	135
787	763
649	853
95	776
431	573
285	838
235	527
679	553
603	508
302	804
80	384
676	48
522	828
153	34
648	576
57	395
549	322
6	524
270	5
69	870
553	328
330	348
41	0
335	351
595	47
766	799
286	372
208	827
290	382
734	862
326	336
641	400
292	362
303	797
629	886
208	846
499	19
660	372
218	374
126	75
92	357
285	830
323	345
553	777
95	372
657	585
309	357
329	313
777	364
788	798
90	373
684	98
449	69
2	535
154	486
733	863
336	776
502	406
473	491
623	894
216	528
498	454
695	24
219	105
318	347
240	74
241	83
480	479
547	822
321	316
728	849
734	423
559	776
314	364
759	805
54	441
304	370
745	362
281	389
441	97
510	393
470	507
183	128
475	43
17	514
59	843
493	423
71	427
110	768
715	877
61	887
321	359
487	456
213	354
221	799
793	328
344	338
215	379
652	123
156	33
750	841
671	114
274	875
102	763
225	500
460	60
708	453
212	383
517	398
265	10
750	820
281	871
783	798
523	401
62	896
756	833
748	361
56	412
582	533
292	385
703	495
620	471
95	811
269	898
283	841
17	515
305	334
57	900
323	797
92	339
507	6
514	427
596	58
303	348
575	538
215	525
105	778
437	560
759	795
709	23
515	836
666	357
4	500
119	544
728	398
189	131
755	371
176	887
484	893
758	346
491	481
767	337
781	326
735	432
511	856
417	123
188	574
488	493
423	125
431	568
708	444
541	777
8	513
32	22
680	536
248	471
187	417
217	537
229	565
189	875
658	557
323	762
261	3
537	360
418	584
569	96
619	26
206	97
482	50
760	822
300	382
788	333
739	387
11	77
543	332
674	560
732	380
500	880
517	434
52	446
650	128
642	559
469	47
602	514
208	135
737	425
698	503
475	499
294	416
548	775
630	0
770	314
653	392
320	347
293	823
640	850
168	478
416	127
437	114
898	62
100	761
773	359
66	888
654	394
768	382
448	60
173	11
743	849
419	137
570	103
320	822
897	514
655	114
315	330
702	43
28	446
419	136
762	350
598	486
532	391
632	132
508	414
67	436
149	500
467	26
148	501
263	9
62	394
535	834
494	418
900	528
518	405
761	383
81	830
36	434
785	762
55	393
259	491
680	96
609	36
150	520
144	490
665	124
49	882
53	898
316	384
198	858
505	414
900	83
319	785
313	812
746	351
60	862
899	76
666	812
212	108
333	777
636	127
40	886
506	398
499	1
485	877
491	460
897	531
503	462
785	341
697	520
888	562
752	845
776	799
561	319
5	509
481	467
754	403
196	848
668	530
599	71
237	58
219	821
682	42
216	83
485	467
213	124
784	769
594	501
412	590
704	470
731	398
367	170
29	0
171	895
311	369
15	73
314	768
313	366
730	850
898	96
748	841
791	345
241	44
32	464
302	797
607	41
27	473
140	520
275	897
177	889
768	800
665	573
716	424
730	424
889	533
273	419
329	808
516	860
176	454
659	95
708	896
298	364
69	429
661	829
523	414
38	15
154	477
708	21
21	29
670	517
465	83
467	499
236	540
488	32
658	75
483	46
799	316
617	7
673	360
761	796
691	507
337	774
238	481
698	511
71	404
20	16
733	385
191	396
192	113
201	384
578	76
2	521
721	447
12	86
309	324
202	842
672	91
898	511
735	422
49	862
228	532
274	419
698	30
479	497
378	160
653	534
498	410
675	367
517	873
673	67
668	803
784	354
525	833
657	82
606	507
775	333
514	833
699	509
69	871
710	32
225	354
580	520
521	846
217	102
686	517
227	813
216	131
654	830
723	439
594	530
129	79
300	845
3	539
245	63
742	392
672	353
539	825
302	799
491	477
723	442
232	49
312	815
786	763
202	541
87	355
207	76
650	120
716	470
745	863
640	133
56	870
715	436
528	382
318	348
695	27
303	357
766	834
511	394
300	801
422	130
669	553
192	409
162	41
124	100
657	577
542	774
83	813
136	523
71	868
784	796
652	579
88	375
613	21
4	534
144	65
235	48
775	822
575	541
779	779
78	840
450	91
685	520
781	780
613	13
753	392
497	891
89	822
661	536
748	398
665	557
335	315
273	425
306	373
546	815
290	383
302	847
124	538
432	106
626	888
224	367
676	80
603	491
191	397
70	833
303	812
768	788
728	402
101	328
333	766
317	818
665	517
95	807
543	360
82	377
454	79
51	865
588	80
235	548
595	515
523	420
765	326
247	490
162	478
156	28
504	893
670	546
232	499
253	500
430	583
82	388
20	504
63	892
666	553
871	136
592	72
55	456
585	527
335	321
648	553
671	369
295	818
11	486
90	383
684	104
73	824
581	519
271	433
170	20
759	358
674	502
327	368
167	467
19	44
342	790
30	27
258	444
320	379
335	316
12	70
756	366
548	354
198	559
751	827
896	537
792	311
261	20
58	449
316	374
184	423
77	844
776	817
632	866
208	103
612	36
47	468
19	21
893	532
43	469
451	502
573	552
202	96
72	411
212	384
783	320
479	499
37	37
258	444
491	475
472	465
312	376
208	538
583	70
693	528
58	393
707	477
292	384
178	883
47	867
325	336
423	133
214	112
697	475
205	119
650	108
144	497
265	467
448	76
91	371
319	777
284	871
3	523
511	423
758	392
272	439
794	321
737	870
149	73
266	3
464	61
129	516
741	818
319	346
224	529
31	24
664	362
684	82
308	823
760	385
48	435
675	78
30	501
24	59
292	414
42	899
794	771
487	476
316	803
299	849
589	64
190	852
882	579
724	893
217	812
229	104
185	429
19	472
43	16
562	305
653	90
469	32
739	836
158	32
56	452
643	550
659	125
426	583
19	512
686	93
678	46
581	74
193	580
458	539
155	47
125	541
505	869
442	94
448	67
642	108
36	454
146	76
698	465
211	371
447	70
284	371
60	877
484	888
348	768
177	898
649	376
80	373
581	66
640	853
735	842
620	2
756	839
689	37
132	515
22	490
253	510
714	451
749	360
208	374
190	415
256	12
74	387
486	459
202	108
301	405
740	835
219	76
223	70
42	11
52	881
141	536
488	893
152	42
692	73
478	501
777	773
649	388
773	796
718	879
59	861
886	553
640	556
144	41
731	381
224	529
653	378
264	440
887	577
53	864
227	506
896	537
708	22
706	473
74	422
451	104
91	377
24	17
33	30
694	71
753	340
240	93
649	124
16	33
460	81
667	373
462	504
208	835
216	365
463	56
675	71
644	573
43	459
301	809
208	134
20	76
298	364
793	320
634	886
667	360
580	94
63	412
486	454
744	801
751	376
664	113
209	540
668	559
213	580
750	804
230	511
680	513
39	425
895	542
484	885
221	562
786	796
527	853
152	62
128	74
644	107
516	411
327	814
10	51
79	377
714	881
68	401
182	433
159	45
711	10
616	465
101	780
486	446
155	493
868	124
584	543
200	560
757	840
640	571
606	49
262	898
749	364
664	832
784	331
712	458
661	132
649	857
320	800
75	819
873	580
553	325
56	860
59	854
521	381
241	54
200	397
244	535
65	414
256	25
491	460
277	417
718	888
718	437
774	316
685	530
739	407
229	546
537	388
515	835
349	322
279	871
756	347
35	480
625	456
227	98
613	33
488	7
46	17
531	378
876	584
540	336
423	566
101	325
34	479
496	18
470	474
84	376
545	355
203	102
446	541
272	450
223	531
30	496
749	842
160	35
27	495
789	765
321	342
695	497
307	825
757	788
203	405
334	335
563	766
164	469
654	540
104	319
105	323
494	863
679	541
186	434
7	70
218	90
47	3
34	466
777	774
468	18
196	127
620	459
583	532
257	468
513	443
523	875
61	0
521	374
764	818
640	559
87	847
153	56
693	69
526	844
210	375
188	858
140	500
714	435
209	836
650	543
231	550
614	27
301	807
732	862
685	529
601	53
211	93
771	327
644	839
533	373
300	841
328	339
230	100
721	894
302	789
87	806
180	898
887	116
92	335
239	500
608	53
748	804
53	425
486	0
704	488
670	575
415	588
285	403
735	882
161	489
661	129
657	366
339	332
268	456
192	553
60	871
591	70
50	864
222	576
465	55
456	533
549	788
540	374
213	392
25	453
587	58
530	406
679	802
290	423
475	38
9	40
207	836
72	867
588	529
389	600
214	360
231	495
190	420
36	444
182	443
56	403
92	786
291	371
5	502
319	377
451	76
662	388
502	9
300	372
297	824
475	46
12	48
314	768
76	858
506	883
677	114
527	391
304	849
188	126
487	20
634	426
99	359
314	342
594	61
392	147
10	54
81	811
227	85
664	384
645	397
518	859
782	799
336	314
216	801
546	365
463	75
94	785
183	893
672	94
497	415
195	873
540	812
483	461
82	402
207	853
601	490
783	800
307	822
699	490
86	806
24	30
308	838
241	525
97	766
769	827
147	77
746	837
519	838
319	831
53	438
742	369
747	851
497	2
197	383
213	367
490	491
676	559
754	841
335	777
446	516
475	26
784	782
41	478
746	837
22	32
253	491
271	442
139	55
595	64
679	95
660	397
135	527
720	420
260	447
629	446
298	814
545	376
315	767
16	505
323	787
117	761
148	501
441	76
9	536
647	860
490	427
462	31
252	483
484	464
676	117
292	835
745	370
740	377
617	476
700	50
208	135
59	853
485	489
239	507
528	401
490	876
227	537
438	89
883	561
159	50
751	818
22	478
441	525
226	561
208	119
83	817
191	564
600	48
637	424
685	48
62	869
534	829
743	398
249	481
685	524
870	570
763	774
749	822
230	358
765	770
566	317
666	125
72	846
294	352
512	838
102	321
242	503
232	111
760	775
183	572
590	519
658	370
140	521
517	835
309	786
687	505
278	872
710	472
209	574
738	392
305	835
656	843
513	442
794	781
727	433
243	60
9	513
879	135
472	474
191	121
156	482
690	53
463	526
646	102
104	323
226	94
688	91
439	560
608	471
449	506
604	494
122	98
489	435
39	482
145	501
87	361
167	460
85	388
694	52
146	502
482	476
637	405
69	397
229	350
52	856
616	24
220	128
740	375
95	377
463	50
173	1
223	532
592	506
883	561
683	62
660	120
545	357
477	493
51	882
135	77
268	436
767	794
503	865
713	21
217	349
61	869
45	472
578	527
281	865
74	413
320	351
745	824
311	370
340	314
138	518
694	58
561	318
191	426
318	357
663	382
694	502
157	28
616	4
93	806
650	558
646	556
748	396
781	324
594	61
768	798
757	843
290	392
95	767
239	41
750	346
526	845
26	450
874	576
668	565
638	424
507	426
763	777
726	861
35	896
199	137
213	819
471	40
757	808
101	337
475	51
683	509
472	60
22	73
280	835
5	76
260	20
640	121
413	139
571	533
752	361
211	571
12	84
568	549
668	354
545	329
314	773
208	79
721	452
673	122
671	512
766	338
194	562
666	127
43	20
898	83
89	361
479	490
544	353
644	114
225	533
199	832
497	888
88	388
491	478
661	833
656	114
299	352
230	98
780	771
301	343
737	414
343	787
568	539
305	389
496	887
662	540
54	454
704	501
292	357
482	461
785	785
561	757
700	40
201	407
438	549
264	461
893	96
562	314
732	845
642	392
506	886
337	775
313	356
149	64
669	541
677	793
711	449
593	512
732	416
661	825
251	39
108	308
540	362
107	758
201	384
453	539
91	331
542	359
736	413
759	798
184	419
445	537
599	72
712	23
9	520
294	383
134	81
218	113
670	824
270	418
672	555
19	472
302	856
188	416
654	832
298	822
622	439
65	403
628	429
248	63
680	495
32	892
140	56
483	37
74	421
755	336
211	561
23	55
328	350
667	91
789	325
709	896
303	832
71	850
55	414
664	105
742	828
27	65
312	781
269	868
715	470
700	513
39	23
896	72
104	324
11	74
84	840
88	822
777	369
895	548
44	446
677	811
217	537
334	757
331	354
585	541
207	102
863	132
736	383
193	408
260	25
668	65
49	870
226	504
321	824
135	516
763	341
416	585
737	843
226	799
41	466
753	786
773	766
702	494
576	99
458	502
476	492
636	131
105	331
651	553
520	854
650	414
66	840
730	839
305	358
316	378
489	477
12	42
219	826
730	390
775	349
877	587
644	425
487	432
309	342
518	862
500	0
267	452
189	560
668	354
264	440
591	498
228	793
460	491
644	391
548	313
338	325
679	500
218	366
99	810
885	103
303	364
490	37
242	33
239	523
504	880
146	48
632	883
206	128
705	33
544	772
54	856
534	388
537	839
629	891
37	18
176	432
41	31
296	806
627	454
220	559
447	95
52	898
218	511
242	473
776	761
682	509
717	7
715	0
651	849
599	507
779	776
494	445
65	866
729	418
781	322
632	431
715	453
263	8
28	11
217	563
90	381
768	344
14	531
639	592
324	804
216	380
563	769
235	77
706	454
273	857
504	425
65	865
665	812
681	512
631	421
128	546
135	519
649	402
610	473
508	407
219	59
217	379
734	435
761	390
267	9
316	802
25	474
268	433
91	339
147	69
311	835
417	128
85	830
198	830
76	419
673	124
66	376
291	367
18	33
661	113
126	75
491	5
439	116
126	525
656	77
663	102
245	474
222	353
193	126
272	0
656	402
753	834
212	554
268	1
67	374
559	330
489	33
497	453
557	326
268	900
523	400
461	88
556	773
638	413
586	68
727	415
141	537
419	577
603	41
285	821
656	818
36	453
718	9
735	399
686	489
623	892
778	345
330	768
200	561
127	89
688	41
692	494
735	414
192	416
649	571
298	818
301	824
50	881
757	787
234	542
646	100
418	572
598	35
739	842
722	1
241	92
230	51
327	328
678	814
190	129
715	24
26	507
305	367
487	456
464	64
676	114
287	374
133	510
93	804
684	537
696	19
708	23
445	67
232	500
762	795
716	465
79	812
45	466
322	774
749	406
643	421
503	890
615	467
671	538
142	527
205	568
457	59
508	843
5	54
307	374
59	883
123	105
478	500
60	891
492	440
750	359
97	352
745	401
595	519
201	137
530	368
686	533
746	849
177	893
737	396
32	494
478	4
660	554
32	497
27	475
133	74
152	478
740	850
740	357
480	449
290	856
309	379
783	312
559	769
324	364
41	35
661	556
248	521
789	343
203	842
657	395
190	137
614	27
449	80
252	460
473	14
291	817
690	59
311	323
226	58
501	402
200	824
711	473
650	393
346	312
671	361
439	92
445	536
490	21
570	88
665	70
255	501
56	412
50	453
787	348
196	413
208	99
99	774
680	66
17	47
486	460
22	68
304	355
483	445
193	590
301	844
777	360
206	580
24	460
44	882
239	52
204	578
187	879
229	509
684	556
517	863
775	769
723	441
664	529
216	67
252	57
418	588
222	517
268	454
47	432
680	533
764	380
217	65
509	856
752	402
176	894
684	502
671	371
493	896
88	803
780	328
479	0
676	507
628	886
333	326
657	587
661	394
742	368
508	885
321	328
732	413
594	45
688	511
753	784
7	60
224	815
139	521
682	555
734	401
111	775
44	482
158	466
241	32
716	885
267	421
198	849
79	390
57	7
754	392
646	837
273	412
468	500
15	506
780	350
298	370
124	549
707	452
48	13
687	547
144	57
779	345
237	96
556	760
782	353
479	9
587	53
34	12
721	873
782	359
13	60
873	578
645	122
776	791
6	543
233	107
496	453
468	40
300	788
284	881
786	340
118	550
489	422
253	479
216	812
239	508
58	875
657	374
232	515
701	517
649	576
433	123
487	897
194	548
49	11
746	818
12	48
154	507
656	110
505	892
523	393
219	524
52	882
234	65
309	819
629	890
78	860
46	425
62	868
759	345
673	504
275	448
55	408
91	831
603	482
315	806
242	507
658	822
53	436
184	127
24	479
11	504
426	576
438	116
239	53
547	767
224	365
767	801
323	367
650	852
648	583
763	831
558	758
140	68
546	776
333	313
663	387
42	11
110	320
5	514
762	792
469	512
199	127
199	385
701	52
72	390
213	127
218	833
235	102
311	786
689	70
654	409
658	833
675	109
637	856
251	62
52	420
13	54
718	875
0	73
269	435
318	773
782	808
287	822
184	138
753	404
731	885
452	57
712	14
498	406
213	524
664	835
83	356
511	439
665	562
687	536
467	62
592	63
532	361
586	70
679	351
643	838
314	802
46	900
648	841
636	127
654	393
218	565
245	501
278	841
205	401
49	452
489	438
759	781
637	573
74	392
460	80
479	22
26	509
650	838
511	418
26	900
278	892
136	511
166	455
254	495
764	364
639	569
488	6
184	420
688	527
12	49
653	132
681	73
573	546
156	504
534	372
204	389
136	539
293	804
489	424
80	836
704	22
78	822
653	546
320	362
216	69
329	356
296	827
676	92
340	779
138	55
458	544
46	20
214	362
513	398
252	22
503	424
415	593
137	56
749	354
496	892
307	804
512	400
25	15
219	371
626	453
748	356
713	471
708	454
168	16
204	560
416	143
342	792
7	77
252	18
447	95
219	101
445	66
581	536
127	70
236	553
58	437
186	124
764	337
633	577
226	54
132	65
103	337
787	325
740	815
771	788
688	67
542	779
21	51
262	483
297	350
546	783
56	1
504	395
210	571
309	372
211	540
292	839
588	89
498	855
216	75
643	142
21	61
488	33
735	877
680	106
578	92
776	764
788	316
493	34
643	850
593	69
327	770
580	520
689	544
882	576
91	825
271	899
318	346
667	833
328	810
750	339
65	842
481	436
493	11
504	443
504	886
895	531
741	852
751	345
671	75
66	849
756	786
231	494
40	464
496	875
593	60
752	336
182	895
342	334
45	25
682	62
96	358
423	582
695	497
240	92
8	50
772	768
629	453
60	868
644	874
323	801
203	540
196	592
67	842
182	425
336	801
505	460
154	47
579	99
79	834
571	540
760	349
445	542
679	545
662	377
657	557
471	515
215	561
737	388
736	372
134	526
519	821
601	492
50	875
739	862
204	382
205	79
737	866
758	792
659	79
771	772
506	459
533	843
45	1
276	848
443	528
42	481
665	573
459	494
431	134
55	867
782	785
14	522
128	526
895	519
255	22
341	757
504	868
676	351
283	823
636	871
640	404
305	850
261	440
228	501
97	318
42	450
130	100
165	471
721	437
46	411
266	454
137	58
530	404
88	810
170	469
635	586
191	866
143	496
461	500
101	760
570	542
209	98
240	498
295	398
737	818
482	507
653	540
67	858
575	76
706	468
615	8
668	828
600	487
297	791
308	777
153	508
477	486
231	80
584	88
608	478
135	90
684	65
62	425
765	806
44	878
444	548
460	503
155	31
36	487
455	493
495	4
314	812
251	64
463	503
715	20
481	474
648	384
779	767
513	858
745	844
518	409
633	134
738	869
661	379
324	341
674	111
655	836
702	486
6	492
750	375
519	881
769	806
744	837
30	894
228	541
26	516
479	43
586	526
767	788
779	354
653	577
748	372
16	484
648	844
311	385
607	481
628	435
323	352
105	325
503	424
299	813
272	430
634	864
656	564
252	18
299	799
250	17
83	401
735	415
2	524
705	456
38	3
518	859
595	501
532	356
194	414
118	759
766	826
24	33
244	84
791	340
633	584
489	30
227	511
758	330
324	782
650	134
478	492
708	13
764	810
17	486
605	504
141	80
10	41
309	395
190	133
270	419
896	69
318	337
782	766
647	99
302	383
157	40
339	790
295	409
15	479
516	422
19	45
646	838
237	532
490	433
530	853
569	546
211	551
167	465
261	437
650	855
557	783
622	1
20	493
75	813
95	768
426	582
609	41
315	329
488	435
709	455
667	98
178	452
33	434
204	122
523	410
490	450
713	449
729	885
210	581
307	363
36	474
685	492
319	344
29	37
652	574
281	861
271	425
47	897
184	133
246	49
328	790
685	510
724	435
428	124
761	785
633	579
713	446
749	815
662	111
704	458
43	455
68	422
785	784
695	53
233	548
476	38
90	355
239	528
694	491
213	534
302	809
255	493
528	364
134	88
738	847
635	117
891	94
327	812
0	90
325	820
501	468
80	818
631	893
211	577
448	545
517	878
651	557
896	521
578	518
786	794
772	313
217	365
289	811
525	872
460	508
267	433
665	389
197	99
727	885
753	789
12	536
486	881
216	381
608	20
150	64
425	114
276	850
583	521
640	873
9	526
696	72
483	498
678	77
477	498
433	579
585	96
648	404
601	501
272	8
676	104
43	871
233	490
670	64
779	792
52	874
307	827
37	875
672	572
194	402
264	435
108	779
240	499
152	492
573	539
757	800
205	833
329	769
662	126
79	839
692	489
211	127
189	578
256	495
512	857
117	104
48	862
636	139
737	421
659	391
81	853
514	388
315	772
598	55
12	479
317	791
754	342
191	845
660	840
36	440
552	785
653	574
10	80
763	362
114	767
740	868
457	56
126	98
651	97
6	74
438	539
59	431
601	48
660	115
501	884
746	818
696	78
590	529
213	132
540	786
484	448
219	366
219	370
628	888
508	875
630	421
310	815
261	12
643	99
490	893
534	372
76	388
70	397
785	332
43	898
249	50
677	93
21	487
758	361
45	872
476	34
662	108
785	333
80	390
727	871
589	90
462	528
144	510
313	805
214	519
180	426
690	539
305	796
866	592
663	821
314	809
330	775
299	370
266	896
218	518
302	834
287	875
157	41
710	36
618	472
240	39
741	842
466	515
51	19
243	524
543	816
666	527
118	539
249	483
476	478
656	122
791	769
227	355
132	67
717	445
198	862
625	446
688	80
592	533
330	326
296	814
225	540
290	850
598	74
796	329
128	544
262	466
498	11
279	442
464	83
431	583
538	806
69	870
134	86
643	124
467	18
222	122
515	393
596	60
344	312
10	494
548	808
730	414
744	395
207	136
345	786
45	481
225	535
659	830
487	27
55	454
320	316
191	127
662	99
730	873
635	424
128	537
336	318
663	833
637	415
464	524
638	589
673	106
81	373
531	393
44	899
649	417
518	877
257	18
675	794
534	815
324	803
424	590
236	80
880	558
59	386
502	850
229	352
84	854
269	893
640	876
89	373
731	402
474	520
597	507
19	68
303	783
177	889
765	340
