199	197	115	106
77	99	150	186
224	173	79	27
324	112	328	197
55	72	23	86
367	273	291	297
246	93	92	153
22	150	56	185
176	334	23	292
299	138	287	48
301	370	246	278
420	13	389	63
354	190	496	138
100	88	277	169
60	368	14	276
230	267	317	303
44	178	284	191
241	180	96	106
150	89	246	60
455	134	359	201
82	88	235	190
115	348	65	316
72	51	214	89
449	24	459	67
442	325	517	350
31	99	220	18
43	314	68	360
416	196	461	109
155	164	187	155
375	184	440	55
148	122	10	15
501	62	446	7
206	153	243	180
478	9	336	105
255	195	285	68
79	378	128	237
361	302	293	368
235	55	207	122
137	46	12	111
242	290	301	271
48	288	164	262
256	308	318	232
153	90	132	139
36	128	110	63
390	196	510	91
472	132	407	78
413	167	450	166
61	197	37	72
162	105	203	21
165	130	21	142
506	135	444	11
339	312	374	273
287	18	172	186
306	259	318	265
153	118	85	177
423	149	337	42
465	86	482	147
225	89	68	105
507	236	463	298
376	175	434	111
84	197	205	126
189	193	18	116
504	28	432	95
59	88	247	88
361	168	363	189
348	78	371	127
464	27	446	149
286	315	357	348
92	197	33	111
30	41	196	134
382	134	401	201
339	77	357	130
245	43	189	177
3	27	270	88
261	181	88	126
283	107	14	136
314	340	313	260
96	220	87	231
10	14	118	72
363	137	450	37
256	99	52	37
172	6	245	148
451	121	399	132
279	167	196	108
73	71	51	99
309	344	334	241
298	238	351	295
358	246	285	228
190	185	31	160
157	37	276	13
40	190	141	39
260	166	280	199
86	202	226	90
77	368	108	229
387	152	342	70
53	22	110	87
32	179	248	15
497	158	394	179
407	84	349	51
499	12	474	170
174	97	221	35
76	231	115	318
17	65	92	165
188	190	141	133
31	54	285	143
84	129	11	141
118	178	247	137
46	333	76	380
254	162	206	102
60	360	60	327
221	182	293	54
450	89	331	12
132	13	91	172
276	146	166	63
363	300	225	319
80	83	236	88
396	92	400	140
104	83	184	33
88	217	136	341
232	131	143	26
65	83	186	195
275	184	273	21
125	18	268	139
170	158	284	150
3	11	57	62
188	180	183	18
253	30	16	79
132	58	253	191
82	68	140	92
417	97	508	71
70	57	77	66
506	41	454	152
274	350	261	341
498	242	512	301
145	182	176	19
494	203	407	20
256	156	219	171
58	326	131	373
82	152	29	178
176	149	237	23
369	139	445	140
150	268	71	369
471	109	381	109
124	177	63	187
159	95	49	54
452	182	414	78
257	311	276	309
359	191	344	179
425	22	386	146
40	316	81	277
15	145	146	200
405	17	462	130
479	171	466	117
452	133	426	188
335	161	420	116
404	77	478	43
93	18	244	17
466	184	401	57
495	56	468	66
267	103	185	9
435	319	433	315
6	169	113	60
328	35	493	16
344	60	330	28
224	175	226	57
453	76	377	89
123	172	251	167
140	187	130	51
144	171	151	37
158	201	200	128
89	296	85	261
203	195	285	41
286	200	73	154
22	202	192	204
283	299	301	298
559	316	540	360
82	349	69	275
10	14	214	49
483	158	472	85
232	15	266	115
39	144	160	29
167	344	94	298
110	361	130	324
58	17	244	13
96	101	9	15
296	58	5	143
26	256	54	356
74	189	125	185
271	54	52	115
371	178	466	39
418	32	505	200
461	77	346	17
1	106	36	137
175	34	63	108
348	239	251	353
460	296	469	300
100	345	124	249
321	119	479	151
145	304	114	250
141	188	277	119
341	60	482	183
147	34	239	188
364	25	382	114
206	84	179	56
501	134	358	192
55	133	196	101
252	314	313	273
54	172	145	104
400	136	374	199
358	76	464	62
61	96	251	68
290	203	140	76
81	386	124	217
25	27	14	158
51	354	114	339
54	357	45	333
255	122	223	95
354	139	485	64
92	300	53	276
233	192	59	158
494	139	508	17
115	246	50	317
70	94	137	85
241	185	65	102
117	10	39	81
54	17	282	36
262	136	176	148
551	347	510	344
426	169	509	28
60	194	61	191
49	182	51	41
81	32	130	155
199	161	21	39
450	178	505	173
29	14	220	112
26	98	69	144
411	35	471	153
205	36	56	195
8	79	60	37
246	137	64	189
21	126	207	22
51	41	297	53
300	234	280	298
93	248	26	280
36	56	190	91
343	137	394	96
404	54	453	165
446	153	340	113
87	112	204	78
50	168	26	73
348	160	479	192
177	45	29	6
245	352	243	339
358	9	476	101
54	132	83	63
161	124	183	78
337	137	398	27
142	64	247	166
122	20	118	192
44	56	224	181
105	106	282	111
109	193	255	54
240	56	222	149
545	279	454	261
248	173	5	88
87	151	126	67
108	105	37	160
193	147	23	73
75	234	127	236
283	377	297	353
514	54	439	39
87	72	219	85
261	50	7	60
382	200	455	8
280	67	187	141
92	340	47	320
502	360	541	358
373	141	356	67
141	345	107	286
33	305	155	248
115	57	119	118
32	123	121	132
200	61	52	141
341	50	393	10
55	36	297	32
120	353	75	381
457	6	330	37
283	239	280	349
296	195	160	60
114	43	273	26
141	25	283	72
327	31	342	140
177	24	216	56
199	132	86	143
413	179	448	181
256	17	261	136
271	7	92	147
225	88	246	103
422	34	519	181
141	319	64	365
277	81	177	18
139	115	67	22
50	100	224	67
95	278	15	271
485	123	378	68
110	91	290	99
299	80	228	178
229	193	239	24
82	188	165	41
144	304	67	258
167	200	215	149
287	293	322	370
481	276	492	273
15	87	187	27
77	138	5	83
391	75	516	32
37	52	269	147
250	91	224	113
382	183	356	165
423	315	490	235
455	35	397	161
137	92	283	35
123	169	182	133
249	113	240	13
242	163	200	135
48	55	159	72
63	11	198	100
9	87	196	89
130	15	84	118
130	378	72	253
96	389	60	227
201	28	114	94
149	57	165	55
104	98	297	202
388	144	345	98
400	149	375	29
52	253	72	222
49	345	144	268
81	19	2	192
24	300	157	355
301	264	357	264
187	170	215	73
434	180	470	158
281	12	247	43
492	45	331	130
212	182	60	64
108	356	41	258
279	57	267	174
197	115	141	6
338	88	502	131
250	113	257	202
93	215	112	333
481	29	416	198
154	32	142	131
145	198	85	201
246	17	64	144
56	119	119	178
284	124	243	24
103	292	140	312
374	77	442	195
98	118	102	178
189	191	247	120
137	77	83	164
513	187	420	50
302	355	308	344
191	203	98	185
189	166	1	106
203	178	119	143
523	358	531	279
346	129	500	123
165	305	182	290
419	52	325	66
72	91	28	88
448	335	476	276
266	65	299	148
211	60	206	38
25	189	213	187
443	109	452	12
549	358	496	312
96	75	191	25
168	6	61	6
437	284	480	277
173	139	15	173
281	354	334	354
84	189	67	50
209	201	222	22
5	52	9	101
115	308	107	290
107	196	234	102
360	160	408	96
105	83	189	39
296	257	296	252
560	336	560	318
400	37	412	161
184	327	101	319
507	29	379	200
464	165	519	201
117	227	46	233
269	63	155	122
95	286	109	359
149	85	37	56
48	270	61	368
433	275	458	327
304	323	378	286
43	181	161	90
332	114	333	122
110	333	30	256
356	14	333	77
127	179	143	161
193	134	24	136
225	75	251	201
115	219	17	269
147	11	203	147
390	87	498	90
243	31	272	64
182	23	31	23
185	135	200	34
455	173	500	40
102	40	175	144
480	123	370	34
493	151	325	93
112	192	33	24
212	175	106	74
47	124	268	77
398	131	436	132
10	39	283	124
125	258	42	344
32	22	132	111
148	107	188	58
165	349	43	304
262	173	25	190
208	60	5	189
278	74	84	63
237	47	108	160
246	271	304	379
86	6	153	81
117	135	299	19
84	362	66	288
66	359	123	246
506	203	508	10
215	46	14	11
570	262	438	324
175	42	47	118
457	32	414	24
68	242	96	345
415	94	491	58
401	172	453	79
50	80	275	50
