495,336,510,169
53,371,183,270
7,382,187,72
159,316,172,182
196,74,181,366
271,247,352,303
63,104,186,202
123,103,176,248
291,91,250,152
384,57,355,237
295,119,225,149
499,214,566,285
269,51,267,217
47,245,91,356
228,296,371,341
132,50,109,215
174,13,54,298
408,198,389,56
332,256,405,184
558,129,487,60
503,262,498,143
246,330,299,257
566,244,489,155
334,283,384,353
565,150,573,113
394,280,382,213
284,350,347,219
265,362,401,276
71,197,100,140
464,140,485,285
332,142,342,286
6,96,30,184
58,293,186,281
135,58,100,257
70,253,181,184
501,114,472,70
564,308,589,134
131,260,101,286
222,148,331,291
78,79,184,161
339,336,333,12
412,327,401,127
243,381,379,168
8,90,156,315
466,206,500,317
313,95,356,298
487,381,458,315
142,311,188,143
555,206,538,201
534,185,550,313
378,268,282,149
26,240,69,117
277,153,295,337
326,111,355,337
196,248,134,341
308,203,332,118
183,272,160,313
256,30,355,211
416,50,410,133
94,242,1,320
365,236,288,325
316,22,316,296
584,369,507,143
60,198,109,244
229,366,315,99
270,241,379,17
33,209,101,198
278,189,291,178
87,181,18,102
491,254,521,225
364,19,336,33
38,177,65,89
284,100,224,206
247,95,410,184
557,61,582,144
177,82,25,13
161,30,133,371
68,274,10,327
570,111,546,40
100,357,105,102
90,160,116,300
258,377,241,307
234,286,398,206
230,61,243,241
253,41,251,237
374,195,399,206
476,17,588,119
478,90,544,70
404,319,278,250
541,166,493,270
495,366,466,47
190,354,136,18
51,38,29,38
528,75,537,336
460,127,521,359
237,335,398,323
25,164,71,93
171,373,190,93
403,107,296,76
326,139,286,276
129,307,178,280
446,350,494,372
116,38,8,104
344,369,347,194
504,119,521,204
107,305,189,97
240,240,365,6
559,224,583,350
62,367,170,219
349,235,282,322
511,379,542,243
362,319,406,290
460,6,446,86
346,227,285,147
60,211,134,168
557,93,518,371
94,30,18,11
64,43,118,270
487,85,525,277
6,105,125,329
299,24,398,216
281,244,225,206
165,79,185,46
76,201,197,88
295,381,291,215
131,20,133,291
328,6,229,232
578,258,456,218
29,10,76,254
178,70,155,38
535,29,551,303
290,356,262,289
274,226,273,199
7,151,159,46
476,166,530,56
226,87,369,21
83,224,187,185
343,198,364,25
568,102,484,138
513,64,530,187
572,200,570,44
375,379,382,240
366,18,391,221
515,15,480,143
304,292,367,239
162,225,40,140
403,207,335,141
232,325,383,316
8,87,114,140
132,301,110,364
285,107,298,39
515,214,456,69
103,279,185,198
100,71,143,101
297,12,367,36
140,21,118,15
138,52,92,264
129,29,165,77
317,57,248,45
120,185,158,122
511,51,517,83
1,345,18,203
315,325,231,79
382,19,328,44
314,199,293,29
112,288,140,367
403,39,287,114
585,371,496,85
382,200,360,192
137,126,167,383
151,331,145,251
513,336,527,343
129,175,117,23
198,342,109,263
535,99,586,330
280,112,262,177
527,196,513,78
135,90,142,252
330,336,416,74
34,320,14,91
156,220,71,32
581,357,494,129
480,339,563,344
138,186,73,307
509,73,500,82
548,293,545,229
135,344,57,234
384,135,292,256
445,363,563,349
166,317,31,97
575,170,491,108
280,302,408,13
129,9,72,137
1,62,91,229
389,317,259,102
386,55,396,144
398,289,301,319
63,328,36,371
376,272,273,6
308,211,317,247
144,318,1,308
156,284,176,40
41,135,128,227
324,370,299,336
370,297,225,354
540,234,483,168
341,245,361,362
343,343,354,74
90,177,53,147
95,347,5,201
369,141,305,383
476,183,489,34
192,131,166,278
227,249,273,197
446,286,561,281
378,247,308,21
566,278,562,7
360,177,354,278
545,313,561,130
180,127,58,122
375,50,418,236
47,294,195,311
418,372,286,70
223,299,326,160
239,252,353,205
58,299,50,212
185,345,1,333
13,112,24,291
410,324,320,330
283,281,368,94
100,160,68,294
77,197,80,122
364,319,385,349
404,309,264,99
77,268,84,188
186,87,89,332
145,55,30,21
282,247,375,227
566,226,577,285
494,330,518,222
290,356,349,159
493,191,476,58
52,370,36,259
358,344,311,218
586,76,459,62
548,42,546,324
6,159,190,23
333,283,381,77
276,154,266,88
482,65,524,125
327,155,244,235
348,242,343,335
26,235,11,11
240,343,389,360
21,115,183,177
46,142,174,247
87,46,83,128
1,51,129,101
114,371,39,315
569,22,490,319
90,52,18,359
404,280,238,124
544,220,472,256
187,337,100,244
157,176,37,196
17,349,186,366
451,334,542,376
147,71,134,17
314,196,296,363
490,155,466,114
86,267,185,262
263,294,377,346
149,57,94,34
342,215,311,296
444,338,542,106
73,366,198,326
267,271,278,43
564,183,583,103
415,331,321,253
109,341,196,60
589,31,555,204
553,368,445,274
364,300,324,106
371,276,258,138
557,242,507,298
156,286,54,244
262,218,248,233
71,275,153,8
9,12,63,191
174,177,171,346
40,355,124,345
265,230,235,341
320,25,310,33
458,359,470,8
565,107,464,165
344,335,389,171
461,258,564,263
543,59,471,334
222,237,293,24
271,76,381,247
253,279,314,312
119,59,53,208
270,353,324,149
360,68,244,131
231,256,259,59
7,201,41,40
365,236,227,299
229,331,402,179
519,230,559,214
509,133,586,175
198,359,86,63
416,124,305,195
294,373,281,149
222,128,293,67
352,258,363,41
173,384,54,166
495,355,507,291
85,252,177,153
122,331,96,121
589,247,522,75
9,177,31,334
553,223,549,103
87,217,106,29
507,240,573,89
361,271,269,268
35,230,115,174
568,374,452,339
281,57,248,283
106,201,90,142
442,46,568,253
63,222,31,336
252,245,347,115
221,370,251,14
136,196,130,223
67,187,69,307
241,86,227,207
414,137,394,172
127,259,48,249
111,267,159,69
268,120,266,133
117,137,137,45
143,97,154,84
478,47,509,145
195,93,25,297
52,342,41,238
385,380,289,369
518,129,587,344
471,327,559,49
248,75,394,352
419,13,235,175
50,308,153,79
330,369,292,346
197,264,125,337
11,348,31,308
313,53,408,48
560,344,508,6
354,149,371,77
503,307,563,44
82,326,4,59
509,71,507,352
545,355,557,324
164,285,166,253
512,252,573,383
131,65,45,105
449,272,495,168
471,140,511,275
525,373,485,324
514,337,457,245
138,242,123,137
186,142,193,52
343,48,304,225
384,41,241,230
452,212,545,62
491,25,526,275
90,131,100,138
566,182,585,346
409,147,260,61
83,15,198,266
563,279,578,145
192,178,88,319
417,324,278,187
107,221,143,177
322,37,238,245
511,185,487,289
352,129,367,38
248,349,231,218
16,266,146,370
529,329,515,58
372,373,320,287
317,369,312,238
247,337,262,330
101,339,133,161
500,242,573,306
406,343,229,300
294,232,230,359
466,219,455,104
330,258,382,365
576,39,517,143
399,273,382,252
509,333,523,303
150,342,196,57
26,291,34,288
24,190,126,336
198,199,32,271
476,286,494,144
576,134,523,154
500,184,494,231
119,312,167,73
589,178,576,18
46,135,149,256
302,120,284,207
287,327,321,119
571,384,558,119
136,68,103,171
135,170,36,317
410,188,313,42
393,87,226,272
472,15,442,357
500,171,589,364
449,257,529,243
9,320,162,87
34,50,63,249
5,246,159,113
7,113,189,342
245,266,334,294
419,64,386,18
481,225,575,351
479,79,449,219
311,36,326,350
73,227,144,357
16,259,1,318
395,178,332,31
5,249,157,127
371,244,259,119
529,321,500,119
546,234,512,204
101,130,48,180
331,29,346,307
167,93,75,108
353,154,419,167
197,22,58,106
173,358,82,128
515,323,554,157
287,74,236,253
30,58,29,119
23,182,14,108
179,83,28,54
554,121,588,68
288,314,238,104
416,133,274,95
409,68,380,268
299,99,225,376
25,341,168,28
535,137,521,16
356,79,356,51
54,289,11,374
340,23,280,180
116,356,194,322
482,131,533,273
142,64,65,314
287,294,278,27
462,109,564,288
302,211,412,223
289,163,233,150
114,153,138,201
572,121,514,197
146,309,94,90
182,157,184,331
43,312,195,193
377,354,382,127
80,75,27,192
290,215,266,150
497,54,503,183
226,292,353,61
390,203,246,343
103,44,35,227
416,141,377,143
284,6,381,66
549,187,515,89
158,300,163,247
463,308,518,219
365,289,384,143
15,84,137,321
27,89,173,291
296,162,406,179
329,95,248,291
268,72,280,157
268,280,252,65
512,361,449,38
145,158,2,265
67,93,60,46
388,40,359,25
483,14,446,321
400,198,353,229
11,253,1,370
76,101,93,155
160,362,116,122
274,29,296,9
517,205,526,265
287,281,327,21
253,381,256,144
545,315,521,11
301,86,310,312
411,29,248,311
537,260,537,217
100,370,156,301
123,81,36,58
372,144,252,198
255,251,237,177
148,92,140,223
317,366,272,245
155,304,190,185
336,208,301,346
158,99,58,355
196,350,74,95
85,254,26,50
344,170,347,165
381,161,243,292
100,382,31,19
149,224,199,173
81,37,124,144
136,54,157,135
242,38,357,287
77,384,109,91
395,367,412,265
489,370,587,359
57,319,43,243
286,38,389,204
1,166,10,336
255,38,408,132
91,235,155,295
97,308,135,157
247,244,366,234
339,13,402,317
419,145,330,276
318,221,357,221
581,278,491,242
305,291,292,79
54,121,69,280
25,89,79,57
354,315,419,67
264,363,332,28
282,208,365,320
177,300,88,102
518,13,461,366
454,11,441,312
356,48,306,86
58,105,39,163
307,111,299,105
319,212,365,136
12,381,58,384
183,203,119,318
14,360,128,146
358,93,370,238
500,70,447,81
556,347,454,333
127,368,118,174
26,295,144,331
343,98,409,224
118,66,130,32
234,237,254,308
240,363,337,333
2,13,50,27
318,378,259,359
122,16,170,119
46,359,75,367
18,313,78,156
320,16,282,193
45,288,187,361
158,238,190,206
83,228,66,24
331,298,388,198
385,346,355,222
276,258,331,131
288,63,331,260
454,125,490,173
87,148,115,364
100,64,169,113
77,378,69,161
448,92,553,356
173,294,94,166
227,199,389,271
362,168,394,267
146,190,145,277
113,21,102,178
511,116,523,87
580,25,504,281
255,237,354,35
59,27,55,145
270,19,397,250
269,280,322,130
414,308,416,206
8,257,13,82
580,154,500,155
96,52,195,340
449,36,554,342
51,46,77,383
406,172,392,315
157,256,149,10
26,59,53,162
495,102,494,360
349,370,221,6
361,372,338,300
442,19,548,348
352,343,316,87
332,170,371,8
392,64,355,152
481,359,546,271
458,360,473,150
376,33,339,353
85,158,1,255
62,9,114,252
323,314,262,314
316,376,405,189
79,168,156,163
266,280,338,152
553,113,585,109
411,350,348,256
180,362,21,23
222,300,309,44
257,323,358,322
238,87,345,339
173,155,116,280
233,263,327,255
15,58,13,19
462,119,560,143
490,6,578,196
563,23,443,247
14,224,115,323
109,342,198,347
560,42,455,196
516,310,482,237
280,244,297,23
316,103,246,279
373,38,252,371
266,219,301,150
165,77,40,32
545,299,525,232
314,178,312,188
513,222,441,179
63,117,118,204
27,330,77,186
403,178,229,237
229,60,347,222
92,38,7,367
101,65,151,124
287,109,312,327
508,352,465,10
568,69,488,310
80,133,153,309
379,302,287,117
113,269,154,184
375,128,384,226
305,280,307,22
8,271,181,24
101,177,169,143
73,136,13,291
381,264,345,343
188,16,154,129
558,303,586,333
404,231,394,42
54,28,65,118
76,31,100,121
582,263,484,333
247,339,343,91
393,146,378,366
315,112,338,9
273,365,280,302
442,185,584,50
447,225,494,339
247,314,413,222
328,106,376,384
54,309,159,66
45,153,1,164
504,322,588,137
288,88,335,133
545,76,534,211
588,114,566,228
405,176,247,49
314,131,281,248
510,62,507,298
327,294,275,262
199,207,154,170
147,223,6,177
21,272,13,383
27,173,49,42
186,384,172,11
365,318,293,175
312,202,222,83
171,39,198,205
279,331,365,137
9,349,93,256
301,191,276,243
50,16,85,279
309,36,246,258
157,255,81,51
408,151,309,233
362,278,283,33
275,148,277,293
355,164,396,114
20,31,143,180
562,92,467,87
44,252,185,70
79,382,3,348
229,264,305,216
276,273,404,355
377,16,251,165
573,372,555,314
321,13,274,223
5,253,148,65
143,263,32,185
540,42,578,55
235,68,386,42
7,143,50,291
262,170,363,118
579,283,441,148
103,106,87,99
157,86,147,27
5,277,94,46
320,374,320,54
25,83,176,330
450,195,476,278
186,148,185,16
388,58,338,127
525,175,543,65
116,66,151,212
252,56,282,359
134,278,78,209
278,17,396,321
503,379,588,292
71,328,65,320
175,99,60,128
580,222,483,149
86,34,43,235
348,158,276,361
97,362,53,156
182,274,108,58
94,124,73,292
108,73,41,247
34,227,93,281
108,377,157,146
462,263,577,166
71,91,116,7
525,234,476,234
345,378,373,318
122,168,182,230
286,213,263,141
180,341,9,9
118,378,104,348
269,354,383,147
325,64,307,65
491,192,537,57
144,107,22,139
153,369,106,187
104,311,96,139
378,310,366,127
121,86,69,240
375,104,297,342
285,138,297,376
278,335,349,230
141,302,123,272
507,309,473,304
475,287,505,147
172,112,162,214
161,46,60,373
377,368,360,82
92,185,3,9
243,165,263,150
163,173,173,198
398,63,367,88
120,126,111,236
402,207,291,299
161,301,74,119
194,201,134,203
8,142,158,252
347,188,396,247
406,339,240,284
388,296,291,143
569,157,531,60
394,42,295,87
279,43,376,308
310,119,362,282
