248	183	318	257
414	383	242	78
47	194	162	250
464	225	555	213
286	312	401	186
539	113	443	144
400	240	290	57
337	244	303	16
225	365	278	93
138	70	51	153
571	382	519	187
171	76	45	235
65	104	36	216
85	83	138	236
275	292	341	196
555	87	557	383
18	186	4	314
542	168	447	163
327	274	272	64
165	74	63	228
362	50	261	187
17	129	173	81
127	362	24	250
88	294	174	307
83	136	11	145
53	73	42	340
374	94	384	108
326	237	290	111
52	142	17	57
92	128	9	241
266	60	370	259
229	379	403	163
324	184	318	203
115	15	60	283
402	348	349	384
313	159	246	349
4	100	134	255
466	232	560	176
65	368	143	26
76	282	133	50
557	57	583	375
79	310	133	207
78	371	103	75
277	341	286	98
106	354	103	336
223	342	298	161
67	92	77	314
114	320	183	43
100	37	85	211
460	374	483	65
198	316	116	140
522	135	588	31
491	380	565	190
156	10	180	270
343	378	231	64
587	95	589	223
257	152	362	17
308	17	314	194
197	272	145	220
14	189	195	77
412	44	282	237
586	301	497	183
25	261	50	297
142	256	2	20
15	172	59	129
253	263	234	335
50	91	89	173
392	358	399	158
410	23	222	28
106	246	118	368
406	348	375	210
56	55	99	48
18	371	70	55
416	91	297	271
193	65	23	45
117	357	113	61
310	159	236	60
52	38	48	310
2	91	76	15
497	150	507	201
269	191	239	376
454	66	483	136
30	307	198	297
117	284	73	247
480	236	490	14
386	155	419	342
174	310	74	102
48	170	41	217
459	32	555	101
18	300	104	240
140	17	136	188
78	65	176	69
539	24	476	35
123	173	106	319
256	165	227	319
258	172	391	134
472	197	582	234
105	327	7	147
130	211	35	167
190	11	64	191
450	80	548	20
93	345	1	211
476	125	441	232
95	99	9	366
130	199	195	7
35	339	195	183
46	65	27	50
402	91	391	93
31	33	106	313
387	364	327	254
580	343	574	209
552	370	459	13
25	292	62	76
474	84	492	249
244	8	283	337
286	371	321	39
302	242	260	195
112	99	86	51
585	61	528	59
448	381	539	163
458	343	445	142
521	88	535	185
418	170	261	14
411	95	390	73
277	312	274	11
372	287	278	213
101	56	140	376
145	182	127	231
268	53	287	166
102	56	191	324
26	318	156	303
223	122	384	259
162	197	118	72
243	329	290	79
457	209	526	208
12	41	125	293
250	287	369	10
563	194	462	151
565	90	475	101
41	107	73	156
558	228	452	71
60	39	128	179
189	309	96	110
38	184	13	96
146	7	126	43
2	193	199	311
297	134	249	333
508	163	584	328
51	149	171	243
71	50	5	353
322	51	298	380
404	203	302	160
27	236	89	241
11	77	57	381
221	179	222	107
564	156	539	29
581	370	580	251
124	85	19	383
53	199	150	299
393	235	292	319
324	166	227	117
115	157	61	171
92	198	107	317
17	323	108	140
446	187	587	294
105	191	28	357
269	116	228	141
327	46	325	15
557	135	513	163
513	148	469	122
110	99	177	297
35	280	162	44
107	242	129	292
579	305	554	188
5	291	166	88
550	98	486	230
139	302	19	91
158	86	121	194
113	232	36	56
271	137	327	219
363	222	395	132
339	183	397	87
228	159	402	380
519	158	542	115
224	166	226	288
240	300	289	194
514	173	519	87
495	237	555	284
453	131	572	230
472	181	518	41
165	235	84	370
172	93	50	168
283	360	228	105
190	352	114	276
86	125	111	13
283	39	254	181
344	264	418	164
74	25	134	268
396	150	332	204
289	74	393	380
82	135	193	344
260	270	303	75
61	265	194	89
113	266	14	75
99	89	185	67
395	137	362	288
578	366	544	187
525	172	575	131
41	267	98	306
257	317	250	155
503	194	477	213
109	287	116	355
129	315	130	216
108	76	1	276
256	153	234	376
110	47	179	293
507	48	445	101
36	194	139	289
96	93	64	29
528	217	485	22
243	58	302	178
241	384	262	168
297	227	393	229
398	230	230	354
121	8	64	224
581	180	588	178
25	216	6	257
409	206	374	12
78	207	2	201
94	242	102	207
155	232	196	29
105	206	50	66
302	206	351	21
89	166	71	384
581	274	513	182
561	168	566	153
360	380	366	380
410	343	356	29
278	206	288	365
45	341	6	329
107	305	98	205
232	290	354	174
383	156	282	190
507	157	457	194
196	253	11	163
280	134	258	148
21	300	82	237
176	274	85	291
406	362	292	277
507	10	564	200
89	19	158	227
583	99	492	255
399	97	388	186
488	222	451	26
310	196	306	154
379	165	244	322
187	11	198	82
369	255	261	166
368	231	268	302
16	315	70	245
228	378	394	172
570	110	554	367
47	312	143	80
121	179	34	121
120	262	107	41
160	254	79	43
242	120	258	99
128	194	102	214
7	287	45	381
375	71	258	39
526	381	442	113
273	55	282	113
53	53	45	29
4	72	14	269
526	58	540	221
571	7	471	17
54	377	78	233
414	154	335	263
20	252	136	155
110	186	154	240
102	293	70	78
103	322	76	218
527	21	507	150
260	23	248	288
234	22	404	157
110	121	114	91
148	381	192	46
118	182	199	316
499	194	585	170
264	267	277	142
246	366	287	205
258	43	366	51
237	280	352	236
77	281	98	66
275	129	386	235
372	187	336	280
1	323	127	228
445	338	476	124
61	307	140	232
231	270	407	93
227	129	357	37
54	291	4	370
266	311	336	165
414	150	390	194
344	183	374	83
357	180	300	218
290	50	388	214
275	135	264	93
335	268	228	270
338	189	284	198
317	9	389	87
494	165	539	36
320	192	300	203
246	125	265	109
123	149	76	366
509	178	568	316
514	164	471	68
190	84	84	306
468	109	499	209
100	377	144	197
321	379	314	169
252	130	277	52
554	53	585	150
442	240	450	129
80	359	189	303
241	153	253	109
50	293	116	355
589	260	476	151
144	45	35	228
63	184	40	316
397	167	231	319
293	344	226	166
378	224	347	161
555	57	475	49
395	166	238	268
125	133	63	381
33	157	100	314
291	28	383	162
522	180	478	224
74	86	48	288
108	112	117	120
547	31	459	45
328	261	394	345
487	125	490	190
410	14	270	35
36	179	1	314
41	322	100	232
163	274	5	42
171	306	76	186
22	86	104	112
375	171	330	181
576	334	578	97
87	358	156	77
136	298	77	314
296	138	300	253
311	229	271	337
258	94	327	255
292	96	272	178
12	43	60	185
352	254	373	190
565	113	503	65
329	49	270	106
89	117	125	205
5	63	65	294
261	84	369	39
66	196	134	302
264	290	268	203
337	222	303	40
416	163	325	215
392	357	252	167
344	210	274	153
183	7	63	71
91	266	132	40
166	238	42	74
71	144	82	49
49	127	114	135
117	279	170	25
236	350	250	65
537	218	485	259
401	170	348	204
326	292	257	116
86	218	50	337
376	32	381	279
486	252	565	50
116	103	118	25
20	156	71	290
194	262	63	75
54	100	97	139
124	117	173	62
81	53	115	264
118	121	183	231
25	253	110	294
314	191	405	129
489	250	485	260
140	381	50	270
413	370	295	300
115	25	123	272
23	379	158	265
290	172	308	167
329	164	232	72
122	217	24	256
147	265	37	65
448	200	495	239
121	337	26	186
35	27	194	326
10	146	44	15
131	42	133	244
325	297	229	28
126	322	64	190
3	116	112	263
108	378	116	191
231	382	291	374
394	339	298	359
13	308	7	285
31	110	153	378
67	24	73	134
486	204	506	149
564	60	470	60
416	197	404	120
589	181	568	351
282	326	317	206
533	188	482	114
521	49	465	131
331	287	267	139
27	124	77	331
195	57	85	188
312	33	257	339
357	258	405	39
570	154	510	48
344	173	285	185
375	164	263	358
56	281	106	62
237	44	386	356
468	13	457	369
348	195	297	295
532	202	541	34
386	22	382	202
508	11	454	117
79	73	14	103
460	84	441	137
41	351	163	85
260	278	246	283
126	79	89	103
416	231	379	130
197	21	27	204
557	10	500	73
177	378	148	230
406	154	327	283
522	213	469	18
8	338	147	240
163	278	37	94
297	146	293	340
53	158	69	37
104	251	34	84
278	338	277	165
351	219	343	193
58	71	31	279
402	78	412	170
116	317	79	257
186	314	176	62
483	381	466	27
487	224	589	161
69	338	56	51
139	299	12	225
249	18	274	297
120	379	131	335
225	176	269	332
571	142	528	85
371	52	402	189
42	320	32	52
181	280	21	12
386	98	387	38
131	93	11	271
278	225	382	112
400	214	321	281
198	275	86	162
23	338	144	222
44	353	44	251
443	157	449	54
334	188	258	40
