579	184	89	72.0
583.705592183	141.649670357	28.4995290816	100.914765282
577.262307448	127.524992047	136.786545191	114.230691435
562.553828289	251.929839677	113.311732095	35.2505299956
546.754802008	238.88544339	51.2662576691	54.4877171655
511.335223241	212.99919004	96.5183085288	97.7467977392
523.765814583	60.6783918459	7.46802816958	200.120002279
650.465559773	123.018981727	952.424217176	37.3323642075
614.086132972	65.6983183822	966.05063968	64.5093680284
517.700695712	113.361857584	954.779774582	35.8824435023
518.1384944	71.0389496684	992.353564919	61.471467634
506.844256102	167.972045727	965.325828194	31.1107298439
523.536492512	217.863863273	994.403705935	31.179256266
656.547724995	176.069579269	964.462489246	30.2712608958
491.911622792	177.243250325	998.525988056	53.1374292315
678.75798955	118.142088213	996.815396626	72.7365795336
551.878163659	57.0134815241	225.63104845	185.7829019
580.29229391	235.089511461	180.721348896	32.3031491184
687.465187072	131.460809176	100.052251983	56.5374409315
548.820044117	238.88544339	994.816306689	42.6745533015
541.170232823	293.334992943	37.3048347069	31.0051815538
532.295631434	262.984061014	2.26573516691	54.1771279782
450.296193456	255.856381165	30.284467699	128.156179197
513.011640009	295.981820092	151.840061897	54.1495877021
449.52827405	253.119490391	163.746919929	130.529883552
625.810983713	961.978965967	863.601068413	187.764539522
372.122054376	139.796875432	899.778981066	112.246023411
328.697920372	50.9249971353	59.4861332926	147.412912486
714.989662993	126.097076828	4.95192490103	65.2740735496
547.032944147	130.479780537	819.215798064	44.6200169558
624.796222196	179.63352346	968.998418218	38.8887056458
493.014316243	231.826576166	990.807133897	42.1894706718
455.20495218	214.381764121	980.820417525	70.9592567759
457.114552767	135.862950836	987.710682508	90.2293867619
721.487712561	78.3592426502	950.156503682	67.6399015633
669.59974426	44.0435581423	993.485125611	119.249255664
720.392692782	145.898557034	941.302458983	38.1412612432
742.397094841	156.325551387	988.003828201	33.4174063155
726.877646147	61.7733476266	6.43932794543	125.355420043
366.021089591	83.8382138638	225.63104845	140.264114816
656.766809643	947.929289701	114.449083707	72.6555278431
435.425681098	965.145411948	340.789614539	63.9566617475
641.077539669	162.937740535	352.461411213	47.7592512138
499.287169425	195.252666369	341.331235766	67.3079348917
607.027138591	993.986081602	57.5579819902	96.0609089351
431.638902491	43.6535636165	369.250165956	80.8008723366
571.541124252	877.237841822	175.069149784	45.6974342736
721.796036828	993.294279086	273.903171509	49.3147498532
722.85158136	62.3564008272	148.158718554	120.918093836
576.371585646	910.052949602	111.32841251	39.2190395701
661.722542801	37.3984138202	376.66706977	153.870973646
547.547561905	870.797606099	249.449358097	55.8433122185
375.758657837	999.435950775	195.148826288	38.9182559878
610.032406158	878.916113872	212.909807903	65.3126980622
472.893845162	911.196278144	313.728942159	46.1918616209
587.069710823	191.381207056	352.000695081	59.0679522223
504.035806421	984.110841923	391.940195039	50.9056587992
505.944476391	938.003473602	363.432110254	43.8089395584
711.249767786	988.71136547	153.534370393	37.5776728627
569.203998066	243.747474572	235.256512009	35.0075331876
647.544657366	964.160708221	357.875907397	31.337023478
637.432234116	991.992387977	379.628375272	60.0931289007
712.995012282	144.895398955	265.387153954	38.6486610677
517.503774683	953.890314595	72.5087702824	37.5106903563
501.828383129	53.1634984063	406.580254983	47.1806401892
465.812321561	987.823294739	73.7501506294	36.7721981622
521.746771596	110.580400747	403.071468376	41.0828105389
435.517813741	194.214491129	279.469419307	48.5824298931
545.08935151	161.108601155	381.773727896	82.4568857957
570.777289549	200.460263884	988.717071847	42.8013636604
585.406663464	264.038744192	999.770744726	31.4473542233
519.821943401	272.716560892	998.03831788	31.4446402517
555.337353475	283.058317926	993.368015721	36.3573085175
490.810977972	299.115855965	990.890910831	33.8413028973
474.09463501	217.778874679	908.119134389	45.5483446298
339.234749605	323.041699051	20.6865651439	97.5423100616
458.120837169	294.979599729	906.39427558	35.3092348909
481.123201556	381.366342713	14.8709636492	54.0758434131
363.29200513	336.860280641	977.28191619	125.118541844
335.461993722	200.51459816	3.99712077182	58.2493045193
439.871646009	377.476101386	75.4575066384	93.7996500279
330.006680585	218.623912895	63.2208819377	60.8721124863
333.314308838	210.70547833	995.39513369	75.6796022937
336.199188077	321.348225824	155.651985216	53.2030720778
377.817257487	351.250355162	216.586616344	59.2284369239
508.729518136	354.607337396	225.062494161	35.8709805459
478.535005264	325.099156737	271.179257758	74.7140518901
398.920842756	317.78454149	267.773306478	52.3814543929
490.482762224	379.016620701	157.679588347	45.1682674022
596.204710102	836.587689497	724.277427892	62.0396636187
490.254079833	860.849212279	949.668943892	73.6635919224
779.901657203	890.069985005	779.364833572	93.1499638773
746.763603258	995.143393907	721.189113142	164.269725917
574.757111973	27.1166643938	692.834669834	129.998312041
731.814416235	838.059460342	960.646464384	36.9592947607
503.687475808	883.351501973	741.477560509	100.519876045
646.478367462	817.307279722	984.652887516	74.049492584
289.898880869	124.241139904	977.557658708	76.8322356112
343.893792114	35.352305065	936.475722006	119.531123023
305.006347939	232.080971783	894.186005529	30.9947045357
259.403388248	122.262860702	906.041129184	41.4277822837
316.491615905	121.590550115	801.667116854	33.6307638728
319.984908437	979.042648672	928.790954269	178.653572316
219.052959714	952.244532543	35.7297251501	176.1085189
210.381117292	142.157230835	58.0606296411	53.6660822444
182.8004944	81.2055949786	48.4750068042	118.414719185
248.314879278	6.84397460002	177.467693608	173.218643125
213.558654582	99.5393538021	977.609322064	59.2818316261
436.130521147	953.889099661	96.4521894734	35.3145146639
409.643398514	926.189342294	44.8894077261	67.9459800871
306.316178483	992.732468223	195.268700754	41.2431378275
463.429627032	40.9973976972	995.665851191	120.179101377
219.256336339	41.6108197708	958.194454454	48.4933336491
302.865590651	178.241479329	133.292789637	32.4892760821
771.864189062	140.631677935	972.091087617	59.4397774824
605.266380509	152.816427411	992.900612522	58.6379033382
710.840162267	52.6090711233	880.430526026	38.6972343126
833.832114842	993.711413003	994.285411048	202.107820613
755.556644384	165.01774128	75.2689237141	30.9661077788
845.011084622	42.0844412142	49.7549220527	183.04022685
786.604151806	970.805285162	72.5979188286	36.7856726009
805.348840121	9.76337022541	920.668488021	134.623578798
733.490323104	940.100091623	43.470318903	70.566242867
310.196460144	139.662843311	343.979262878	48.6645380533
462.648034512	989.034418847	269.38664615	68.1720986913
333.874655267	35.6185623773	355.556220511	123.859259904
753.248056529	150.262471521	263.598129765	41.2963702747
504.238884842	959.453010335	35.7093984664	59.8420625994
444.32596837	235.808554651	306.87256704	46.2644708432
614.039023512	247.085373111	3.16141894216	30.7656186594
499.002439956	332.90563665	999.594339189	33.3903771595
481.069811207	278.190386618	963.471330308	30.0774538432
442.987075991	253.448875688	912.681576379	63.7108797914
472.510960529	218.834657666	860.608899971	59.5141418426
480.801547283	171.346405095	900.380389459	57.2685676363
287.536834167	390.030547223	73.1126202351	73.9627553693
282.183630467	312.668768298	101.595425012	41.5230653282
347.401142648	422.059214703	14.5617703613	154.700459059
305.410399441	267.395187492	95.9730219589	42.7160889506
450.312490101	301.86931773	870.567741976	45.9769826297
457.594300334	423.718364912	986.636282183	45.0606292876
309.466858723	444.510573454	936.374804921	133.155625438
303.124238337	325.718101606	865.860125833	66.7182791957
402.485203755	322.162831157	857.252745399	82.529381096
328.002135502	254.517251511	887.096693809	58.298142632
269.755691983	251.700353747	989.846495568	30.0900152095
459.058569816	447.828155348	137.586593254	51.8857741178
403.566191683	375.340486426	164.085527492	106.79268165
497.650601482	367.325744344	999.720227167	37.0147890375
324.51642828	231.434501607	124.528699343	50.1956193583
296.902225866	283.24208065	148.507082996	39.6440547728
290.326468971	344.939909936	135.992248457	36.0733928192
341.543012714	374.96813059	259.836677419	40.8983965627
495.337491396	390.031408129	225.062494161	36.7955824999
441.346820327	369.928749538	321.103122469	94.3204287088
497.070795942	273.463739848	324.80065222	78.7091300454
415.46824493	271.294221096	290.624480909	40.0225857638
355.209261748	344.011490094	286.714991582	36.4239833787
597.330597917	892.319136355	692.752569063	83.3828283649
649.483254983	807.611638773	744.841076793	56.9434537702
578.120497778	797.593606675	771.748485241	78.2037863128
554.205844186	796.688766877	696.978165047	33.9599036497
645.923710097	818.753700369	688.069025722	32.4512672151
526.166225494	805.220594491	913.052638513	53.2835426605
506.96958394	790.188217645	970.943221846	33.8282772307
529.393708029	897.2421999	3.22843510808	44.2652549586
483.862904679	928.755448297	982.42371656	131.026357568
448.946087494	834.884188523	891.837754618	31.7298224444
469.054290873	842.299396938	19.8932448248	33.8576640561
470.606332548	878.313876533	20.6191424241	33.5895952038
435.035237314	861.548184969	1.39292296062	51.6119949325
527.429459577	819.760634667	1.19271581759	36.7642154231
477.37808468	843.144718943	877.241471155	53.2313539015
475.126361521	908.982861454	6.05407578321	50.5037543886
547.137359692	813.625357302	965.767985362	74.0211625407
850.665240245	826.527175742	782.253143084	59.0411254385
810.813222754	845.520964063	857.552911143	67.7225809332
805.693333243	841.065800528	701.989805451	40.5391332828
873.909039396	904.720486126	780.585708666	95.64106756
816.534802919	814.247892707	735.064285264	41.4900030472
226.410973095	978.457029307	387.56667903	30.6713619281
230.089475792	5.63617719544	420.133665518	95.2670684869
255.200185015	131.563038295	334.448435809	48.4187885965
322.491550324	41.3101148489	480.770374886	63.1798959888
379.209377502	981.849473215	459.931511237	92.471759713
304.342349251	986.890257451	243.33345765	33.9233802902
259.379765215	997.717653403	449.655028998	50.2001978073
411.419153248	7.13282842511	450.508667018	78.0893176652
241.539635688	995.303272139	280.127612967	37.6052110273
234.043446743	109.466305669	376.069482536	35.3393437062
296.905608608	128.041179024	432.575067716	31.6216312794
277.958334825	139.463157483	399.490472286	33.5501884304
214.226614888	71.8755443103	341.053427737	86.815338316
214.122726331	998.196084585	365.535547922	31.5780347687
389.896218818	994.769505621	250.515788852	30.1102405241
768.51600137	111.760697573	276.210779852	81.9790158656
463.223658086	998.220827405	10.4260395072	100.115390794
550.617145467	938.840450057	0.373580847663	55.352899489
421.591413952	258.543109068	342.868944867	39.1421123569
316.034015926	270.487553943	183.227739031	42.7384296392
343.277587863	407.925058404	287.242964759	68.8756950735
488.582062319	419.897515629	248.884270381	33.1734306992
485.973658992	425.70315062	213.02328107	33.3217424731
424.210983254	412.317399138	405.880421668	96.4755608675
378.252053886	304.343400212	352.650505689	42.5636859295
487.315532707	330.374276095	395.935910064	64.4556977492
455.491719593	432.166306311	248.96413621	60.3994896426
461.524734876	464.092350768	323.024828616	44.2217368925
417.635049102	306.010061889	389.145596418	79.5729625325
353.887599422	359.471668778	360.079514393	68.9574694062
390.971468762	451.618508833	312.934146539	114.020671235
557.495692887	260.035984971	273.00788341	33.6460661989
524.166875614	256.302889389	398.863269988	63.6674711294
441.570877175	229.181889767	363.178255623	36.5131557088
568.470268023	242.523968613	303.380810595	36.3127829177
657.293708753	857.140777998	643.183064106	46.8493981171
592.073711805	914.222828491	610.394686631	55.247742525
592.097247326	963.343180098	645.652413739	112.806356199
666.270150205	842.181280146	697.627082861	60.694221099
671.036629328	764.504890083	778.776176825	37.3606002854
703.651308488	830.826518846	745.946547273	34.1406368052
606.105659235	731.88931456	808.25086975	66.764496734
554.533699201	768.110108453	842.508880975	46.0727207749
517.71946723	792.887032866	824.305226108	37.4130881457
560.407192184	745.495649043	713.398772693	35.4422305515
587.076191366	728.186981373	732.567325796	31.4192291657
523.265323512	784.231448841	714.78349658	33.745878049
527.739366854	795.61580158	672.657618309	41.4087935164
562.814748105	771.189823495	889.492873977	53.906005799
516.34638816	785.580919823	862.316812287	30.8763670387
491.785386811	784.765290099	2.93849436771	30.4982707886
543.46589651	853.266610898	0.296729174619	34.6600014688
572.516365948	5.21905864229	919.258125406	78.1275374491
453.344565233	800.578422625	0.734720227574	41.8692671813
607.404889589	895.494144668	18.8527633928	48.2362518252
419.606257355	852.141753412	70.1587542515	31.3718176858
493.773986386	859.733287458	0.637903056355	35.5070383906
387.588889062	853.057785808	24.8663794645	39.7774396231
446.350404658	872.979026656	842.633674208	65.5027782413
868.702447551	795.308932328	831.508593803	53.0642683398
283.600130185	21.2371238092	529.071009575	41.6628919349
299.393015668	80.4771953531	527.469586256	33.6023535651
321.57759391	104.373107441	464.319159427	32.492860313
337.411724811	56.2302893357	542.440429432	32.2232436995
367.097620943	11.0417097858	517.411075752	64.4824325326
411.996469596	970.139797467	547.754079346	107.331649333
343.120483662	977.839596122	372.716684456	39.7767785028
308.324701887	957.946501206	517.628340226	62.1150268847
401.179675427	890.829667525	447.37705528	33.4981774421
407.403259568	917.772468519	396.495276588	39.3567221116
451.245599342	951.195761794	407.053859035	71.4111529277
483.595598379	34.7058524077	471.593920652	30.6168602308
224.231595107	976.552894843	249.838541951	63.0228911965
280.189947432	986.668628026	279.716439438	31.6348600082
156.001498637	135.132460732	318.769741271	58.6782978654
126.991722863	55.5190020555	344.324736188	118.634307515
224.05243119	146.797393611	294.380800304	36.6747573795
193.576695147	991.449541107	309.535129185	50.3483865143
189.19772993	995.014170151	387.808948961	30.1479566785
242.448551421	992.817763365	348.32492002	31.007548081
379.470498598	994.769505621	280.886365146	36.406999436
780.218191942	164.420555149	340.572827999	30.4100510144
794.842380453	189.764783747	292.786648163	30.0723168247
822.252400269	61.7302572189	235.445235859	152.863914602
323.336850343	236.164232181	210.978509818	44.702190013
274.733971721	424.052968085	295.306919599	41.6433082822
289.75229253	439.004262146	252.710516157	42.0562529824
288.665829546	397.197748735	331.127413406	47.5957763381
311.237472864	408.791007458	224.028683815	32.0708818588
474.687304838	453.48494546	194.357387662	34.3050211429
416.911489034	485.312341339	471.575869649	76.9074786785
333.958087016	378.044147402	425.301930985	98.4311421937
465.757841402	352.22283646	471.910249797	77.5187709751
357.216579425	482.42782175	423.018524973	132.958132412
436.334377627	477.538958335	210.649452279	62.2750725977
371.995710127	276.059245687	449.760343494	53.1853402459
421.868838509	226.979326283	408.90328032	31.4557848673
438.481411093	262.649628947	455.020100311	83.8358154394
317.991704695	524.5982729	259.936936919	117.103692026
427.698387087	560.129858432	331.297605702	37.377079898
447.006322435	533.882442949	253.322600078	30.5375486268
433.502691293	557.94656516	294.326736682	32.1552048758
542.659313486	283.722134541	250.883457988	33.8983943688
527.666273273	302.961524852	444.938672507	38.0762406221
535.745641277	214.619333001	448.266003485	78.4466884805
457.72225026	209.879029251	392.329514361	41.3086851861
661.117283406	862.238877535	594.751118508	31.8461075527
675.189075455	891.440230842	613.357452937	35.6429177323
703.251046026	840.727443258	645.371508738	31.0241752058
518.480719534	930.624723302	563.856271748	30.6755836591
505.012710326	890.192169018	629.977197079	47.7908036847
643.662856081	39.4638406422	576.898268731	119.977251158
657.114704388	987.423719751	554.146363059	57.8414619639
561.952817989	934.705972228	538.639689593	30.9262738323
675.386781762	785.530626849	811.764832786	33.2835804704
612.053712016	663.911568487	799.753651491	44.0261125777
635.218225253	691.427782128	855.620468694	75.3310424037
666.347503757	757.065010778	829.830037937	41.8515677096
584.53616343	699.243591179	751.70381318	32.8610252115
613.525904338	763.054343993	869.096879595	89.6784478004
485.868839267	811.191991465	810.027358401	31.4749150554
576.142408571	712.490073206	705.339271617	30.8524831289
534.506212668	773.059648866	636.191838089	33.6440783109
520.98565293	828.589816621	645.245485323	31.4309679179
566.467927918	74.776095992	879.943278208	32.2843917312
510.876076777	1.69675640395	868.18474295	115.398719568
636.29269279	7.13234844756	870.788117006	46.6705123215
621.198920966	897.085763673	67.1318732103	57.4839315559
650.05831095	868.954238043	18.8527633928	78.1321304627
396.894492695	852.882354433	94.5985879621	33.9128608863
373.172217045	856.661953812	63.9115328438	45.2790174644
356.058122338	825.731121314	22.7643283495	34.8037361197
402.878258522	871.620522089	791.010500671	54.6645669908
447.237831239	932.436607588	810.686317289	121.88280995
894.369340609	748.703258091	845.692929441	57.7226851101
254.833183416	10.4028191821	560.079536612	35.2583334537
250.979932889	993.836158081	519.502418368	70.4281480208
300.928055682	39.5552164777	564.717027741	44.2579432601
241.834834195	11.7209804193	520.612215451	46.0857444154
288.231660088	107.184724775	506.741354466	30.7178918634
275.454661247	97.5367122962	547.555791689	30.7186391232
291.338125852	115.585494474	476.550854372	32.3169149473
413.326532826	9.03175709523	565.147452152	31.5452608723
417.948202635	53.8632522632	516.741989151	35.9703125719
356.036244224	34.1700429262	578.751437559	31.2781240526
332.583797571	7.34380013872	574.112357006	66.6613157046
464.68228131	874.347412532	546.556674534	47.368682638
383.950426369	874.192807482	592.037305493	52.1155761376
420.110484717	978.253812589	656.481881968	159.194342779
383.589054452	882.076810521	489.5188783	30.2185308664
141.512772562	175.882002818	276.209108425	53.004189606
191.545454963	157.347433435	274.895170181	41.3014320817
34.0733267427	986.458031966	378.227394232	151.101713523
19.0108297864	108.088647369	355.691145986	89.7489617829
56.1063838871	32.6527636762	439.219625463	129.860351244
142.034330906	969.024005806	261.590391949	114.786464607
85.9842687288	160.158712605	300.489181769	53.7067355141
212.053721474	999.320371456	410.002447997	35.8952267129
270.077495702	984.620164513	364.416502953	33.970565336
371.84769148	983.758784229	316.882954314	36.6035725045
350.205175944	969.92159016	281.990716944	31.4237469955
350.594345006	999.416242981	255.993129291	30.5963789489
344.772397092	999.501064917	296.658229467	42.7091558504
931.080365425	103.857211473	337.252041973	63.7510634208
912.933953816	986.634595688	336.045084325	53.3394925215
964.125516832	121.872121849	250.86622679	106.866035139
873.630227462	960.044974232	130.548838673	49.8825796161
917.549514434	980.792982175	144.064441454	34.0952929138
813.208856859	135.887313185	371.098387016	31.8109630971
868.367002469	84.787558319	381.474809493	49.9168131436
819.539661009	69.8684749998	390.071373697	73.6492403515
910.390012682	19.6645785672	355.632889149	112.639532497
784.331266481	979.349863128	109.913206769	41.5217038319
313.147889663	214.900314239	251.291354248	31.4100075252
314.388691294	207.530123224	175.185873621	37.4562853313
259.687293304	443.398697478	331.418947799	66.9128890912
255.798653958	379.899235267	363.994588995	33.6668762216
306.324382728	422.711429509	193.321870469	35.3847807613
449.985786259	498.254457644	542.038502867	41.2525516263
469.529397196	444.387301658	513.800116939	42.6621087294
428.96320705	422.926977495	518.364892532	87.8846712061
401.939847612	505.274529903	546.434076763	83.5728393938
325.679531465	297.098270901	484.17165935	52.5031846326
235.973693466	392.383326946	442.030973787	44.1379650795
258.450465458	343.72250124	481.932647154	35.9739428173
299.162635118	372.401641689	519.343692872	86.2813220372
384.911454351	319.447774966	488.993640155	106.741591559
515.276205073	348.292807597	534.004705828	32.6465924934
498.277282771	291.618423	511.820473295	69.9317833896
253.050631195	547.179627407	479.324442936	119.423388265
402.531507637	579.236986566	505.40930354	50.1409958771
405.233579712	586.93541061	352.405289257	44.5012020395
313.964569003	601.370850411	376.16218035	116.994257374
420.884996807	539.336481615	202.066462934	51.8872198279
457.308877895	182.63289504	479.731150488	47.2146984397
221.729357097	548.393459946	325.914501003	90.0505684326
393.103273354	587.463390147	192.173239107	54.2917245645
243.783436799	560.21824149	173.85534616	52.2071037657
294.830667697	540.038964232	144.13175193	81.8137728028
378.852486826	626.032909785	246.056407661	48.1339660294
380.941002379	495.544750892	163.091863559	106.841149901
321.312978956	627.557774992	200.154000221	97.8650718578
200.352427076	517.914223035	242.558407271	33.2012358724
417.168662192	589.462663498	307.229663084	32.9677958758
430.788631514	561.765490498	249.054786678	32.8881466974
586.27490677	193.565472379	507.216813227	58.1694125605
501.142274386	142.644329867	457.954946215	39.342116132
528.144483053	158.37076214	505.274690168	82.5987338204
656.212448512	884.181559955	569.452496424	37.4635657087
496.725489664	843.783733312	613.955237133	37.4277416588
581.527843166	714.975658404	673.026664044	32.4096597934
597.923664173	694.339026871	721.93451398	30.4016975877
590.354833762	687.283130414	689.786051597	33.5692927819
528.498783739	787.477478296	604.152217135	36.6540625776
555.79979963	754.513621512	657.943351653	30.0089230652
548.420236118	755.667119555	608.36379119	32.6068136626
495.675401962	808.937151164	635.716920253	35.4013457445
437.916793157	62.982554645	799.603016347	103.090796642
618.716685898	13.9051272478	823.420716522	55.2371679012
510.876076777	117.714314566	850.229644663	66.7971515907
608.199879576	848.989310531	99.6294766841	36.8979212694
665.124414719	874.382699485	100.199379744	83.9237839626
727.731364048	859.460864887	36.1134418589	56.0206892631
896.403945947	716.658224026	896.049411543	41.9417862826
852.659321471	760.228394958	886.854132538	32.222590666
270.049252217	990.880315814	587.927813474	103.654936572
227.614123843	4.79889515226	584.896914458	35.7573605033
179.220038121	984.866171235	523.489079189	46.1294122309
191.581939855	34.0440302889	529.55438642	34.8435513242
290.10452256	51.7316912397	608.011160228	35.267140288
405.196730973	10.3325253917	597.666659563	35.4724834669
435.155597648	10.5726322591	539.723011947	34.5412567982
329.278338483	27.8376464829	639.560446944	51.7621871915
378.704652808	8.52638617044	624.96355637	62.7201865393
278.249543486	10.1737092056	615.995011197	53.4043262542
431.314398021	844.649996405	567.578441006	33.5390913755
492.024127391	844.347331415	518.455332728	46.087499449
449.853788182	860.659572721	501.50086849	50.3607817522
474.503380687	835.57991499	575.503072699	45.6575043913
354.859637108	877.477251431	546.524296487	30.3979405205
113.889659453	208.909638057	241.980468268	46.3814803814
119.371117056	137.706734706	243.378377848	96.3255400994
929.211701192	975.663452865	489.257350698	112.734587487
20.6683131826	973.053018406	226.303907218	116.391209625
946.172618361	28.0110941101	496.493801873	54.2204519172
106.349832555	899.726224991	481.638394857	58.4155212241
2.91270494995	931.555984046	517.708272733	145.113249141
936.64775928	79.244286692	451.296569829	49.2412217206
123.175959835	869.939204077	334.361482556	121.695386428
39.3267971882	69.200191482	249.517368319	128.42825078
997.188022054	901.461460293	256.34551787	36.8150530272
5.27609409894	838.872214667	349.430161589	63.7398339037
998.658669652	858.290701543	454.115945141	56.6029327595
981.951234893	114.157156999	444.683061341	83.847853686
998.069864192	47.8757033765	513.769841483	94.0895441559
942.415756305	996.642206459	256.017300316	52.362314146
155.301951179	991.37270593	471.606199541	38.3144260552
145.6372382	949.825105816	476.470241635	30.9032588213
2.33482465654	168.836951771	422.395166505	36.6915425433
953.096681448	168.932476605	374.958358577	61.4586865295
981.840173008	947.134096604	371.7048883	85.0627717285
36.9279096033	134.937959857	520.195405772	33.9797548516
2.08486306221	101.911123708	537.566496708	74.4096774527
177.313130307	83.6871832215	448.788579127	31.733931513
99.8445502222	893.082400574	183.539297683	78.7407054328
305.37553207	991.389650939	365.867107187	30.5851824323
284.284469415	991.228059263	396.795187229	47.1814894668
892.345806022	981.296927742	284.955976837	37.2737492543
865.06635798	929.00094736	89.8704586331	47.3828017053
951.514966477	986.395530965	133.209503172	45.4724476657
790.349916756	137.862777144	395.932791078	31.1070100506
801.064673947	996.84828804	383.033283388	52.4437266679
802.329751634	43.6438511904	458.911011197	73.7516810451
806.541307525	986.221775212	320.429938249	56.8482805266
991.859104482	981.530110065	284.564106941	73.8074394034
996.670340986	3.77083387969	429.425275199	130.894056324
838.08600894	995.907548766	269.900998998	56.8096885918
876.547101491	60.7595421562	457.161622722	32.9406433676
766.707346687	972.300295211	149.077472978	39.7968046676
741.501081335	975.456209933	116.588040817	37.3335315367
807.239116129	957.146870393	139.517197083	53.5965779899
756.185339038	996.237419595	81.3342650567	63.1288264548
821.566807786	978.483920307	87.3986934219	53.4779073763
223.981612434	409.478300651	379.621616974	39.8144404287
209.697767404	457.458251637	376.721955646	48.2746055302
411.986072063	408.071984382	605.372709337	109.389912124
356.622121585	546.060483327	606.480063748	89.1431154851
325.026375118	470.022521677	559.252988845	158.723122261
205.309286341	421.433817907	460.591009678	30.2431018073
230.69137442	433.0571836	420.901697603	57.6730294995
358.68677975	291.680472448	590.807082723	94.6789903453
381.846790681	218.313873851	528.834267867	44.2930715955
494.141001001	343.085583405	560.959748704	53.5401319727
546.201575692	247.594944619	542.469730395	51.0862220712
475.459804675	282.963517515	579.486097994	94.191412037
244.885375562	664.214958147	448.024296342	134.1627897
163.010844374	547.179627407	397.859873907	34.0282535299
184.173163621	600.067682865	564.191322625	68.7233288853
260.584210229	614.981838719	579.772163398	113.05020269
373.883041243	622.209686157	512.571420139	50.8184683842
399.139014745	614.292746453	466.961050761	36.4368162915
338.439579603	695.774462724	307.981793679	53.0349980542
386.420883506	650.139523634	295.345521865	30.635300722
255.767446123	627.61661171	275.743615381	143.34874512
443.884882019	204.834118989	521.552060717	67.8846623401
461.354087657	182.63289504	430.682982118	32.97996338
189.151972832	462.389165488	329.823787115	31.0042395602
153.954752771	585.50812422	375.93861372	35.2646486236
225.336511542	590.801301785	133.077932434	41.4071497391
281.204975765	614.007006146	107.147730973	99.2230600129
410.270310687	602.811039974	277.474231523	32.273144406
395.230834676	568.184731734	83.3069665683	61.9772877212
623.66035583	146.833661053	513.447721403	71.1927305598
596.623233774	692.445224661	651.848056326	38.5616905888
571.231706548	728.489337716	643.103516996	34.9818337221
609.973297356	669.262763219	738.543467828	33.5108925383
615.62999408	662.268538759	689.004345607	36.1487559915
525.32962399	810.365854261	573.164877367	30.1663533073
547.44312733	769.936419415	575.384880571	40.8117595236
572.549717099	731.040123502	605.378700759	37.4997874293
183.129485801	983.430050121	647.529939017	111.478745598
293.851119495	0.0348801519234	690.458934056	71.1208986423
223.792736128	9.57562979601	622.155444679	31.8665412938
196.208659731	2.40934896989	605.720102618	35.2251399944
205.584685422	7.10047827078	554.31873874	45.9437302729
153.934393799	23.0886568371	538.19003519	54.031295012
133.943695652	993.921439729	537.07198193	67.2236325729
269.997555545	81.4550337845	597.95767672	30.3881501934
265.110919654	67.3526930557	630.817822879	32.309079309
464.713058812	7.71223279161	518.428927023	33.1968570364
442.810356495	13.7595048387	632.159094539	32.8793133304
388.238140076	7.84542279414	688.974113742	32.1766147003
430.344414185	3.83186240888	663.693377403	40.2479394906
235.937982715	17.4688058904	651.011475283	39.4430765074
502.067574215	802.834417877	496.359749716	35.1120880687
524.37750001	813.897098362	536.852348531	37.842514448
525.183101483	832.410100742	485.738478291	40.8410434552
481.125895438	831.892209183	473.305514636	44.8561645984
411.132782126	858.112138112	536.655466093	35.4132344772
479.211585018	894.766424928	474.733465493	37.7929814374
96.4074520485	230.471027189	202.354131485	32.5297186542
975.266897867	896.1135677	557.921462104	84.0086242587
868.278555522	970.499626961	392.177423697	39.2052794724
867.965421803	950.664971482	583.001655886	96.5938069965
864.134604415	33.5097611113	563.975498849	51.0008800566
814.598919849	971.926079561	492.994724002	55.1599302893
994.751207779	993.210767053	112.556611278	71.6885109056
891.762583866	23.1746465994	509.794032527	37.1160180127
912.570319291	0.338612522692	532.072706771	60.6197865394
138.619484074	852.055148884	499.973424129	58.1910795181
48.0477456867	812.080876213	590.720838631	51.8213960997
28.5074163174	832.667326489	411.83923935	56.2916343774
72.1579972728	14.650334833	617.421493678	66.7813837293
167.60702933	819.160838939	230.688987067	120.701896816
58.0826681939	782.204767518	392.37941641	33.4714644513
158.860941294	798.569241158	428.878460475	104.598783203
124.520077953	746.280337205	331.67324632	63.7506724152
0.48852478709	127.457600084	139.475596516	75.7992933626
945.230538051	204.891989279	426.650158046	38.9889849093
971.81921303	206.870237969	327.659331422	41.3959978165
996.732907919	127.995398162	353.815032349	94.7600888637
925.747102421	225.632823368	382.963113414	38.9681201777
923.114131639	210.446776341	337.480171316	41.6936515188
905.587498753	182.753329752	414.693311377	47.5647048973
991.677421092	861.058175871	380.312480373	39.5477682067
987.461484949	886.102709818	309.870456952	31.5708341211
965.722420961	81.9474300058	601.73551218	75.3923092328
10.9392699386	162.627056575	492.029547058	32.4089217642
12.8382818304	65.0422593602	603.623211998	71.2379948983
961.609784992	156.587983557	572.360862066	68.9121626237
71.5480074216	81.8033713936	562.24419273	39.9440719585
86.8532984799	860.222175579	110.941126183	37.2990602561
311.311021529	996.335892156	334.211163403	32.4269672429
889.613156574	982.207810891	245.788001406	47.4769855072
876.805037428	884.087739036	106.712911754	38.9633500651
912.035395849	935.194666639	75.9345902545	52.8265627512
870.271762335	970.644182194	63.8434368615	66.6441631889
908.867325083	997.590536831	115.617351098	60.7575087508
989.310522205	1.11590530132	157.876076384	228.224076811
964.412805473	989.159353607	178.812576764	40.4927902147
781.912406954	124.984472709	425.242035655	31.4779251101
775.577530753	142.786905812	366.716294315	39.103620531
754.898590077	992.016953682	354.582092166	33.5423201685
837.784423616	993.510128979	423.091192118	55.2327370489
755.345750652	979.312262667	406.832174966	41.675588464
850.539180536	993.277962822	360.591239162	43.4908430919
844.731072057	12.8686992704	513.622392388	70.3486189188
761.686566298	980.761941803	470.4137995	34.6995750579
755.841307925	98.3707532777	483.037925021	43.7731649459
754.930270026	16.4143617564	511.352990848	96.9955470084
758.061128065	957.133667535	304.099772536	41.7818224103
772.903241494	993.752685517	272.73417298	64.4330928579
999.874134847	962.828372546	211.538274725	33.283131012
837.369350328	998.0575246	211.134992867	52.9340656315
776.492728139	999.699363276	179.085976097	71.8491698285
808.309785175	995.718049701	36.3591563708	83.1113558585
479.984291186	376.987084212	687.941975414	56.1270521297
386.321835639	327.412955622	677.782519247	140.205609327
438.20286955	478.295549077	687.768358579	42.5281342834
386.096190355	544.96885115	692.719005704	33.5180825931
331.982024406	572.843197652	690.042132443	54.7989543638
386.899505604	620.071866483	562.74606461	32.4849712603
256.736886698	490.806279022	703.254736165	104.106869878
167.940932981	621.158057202	647.710566713	58.928273791
321.088548118	631.334362472	676.252053544	30.4013839034
179.205028491	683.196741058	624.052012284	88.0316781842
310.186934905	759.130376265	246.266392291	60.2052722426
325.688278595	741.237964476	333.42830217	47.4894089229
145.93769701	686.192477904	200.69328682	48.2471176404
181.429961549	687.608265928	166.193638113	56.0030447255
292.803063962	715.267573928	165.87128246	88.3689578772
274.126270531	763.777892733	323.170578434	83.1737928412
399.662118187	186.934428866	572.618823714	48.4971224904
457.251100391	148.505055849	560.69598595	50.5950122259
139.029255181	619.30998641	371.109776264	31.041028676
209.285273378	682.930054268	89.1678053756	55.5076780255
374.953490424	650.836779762	117.192214686	40.2175113198
355.457267729	630.342510378	40.3206682056	67.0383261754
252.1187435	672.179470677	29.5844449319	100.904025696
234.651677888	541.140974686	54.522263807	49.095895278
625.453025	184.479713614	450.704300468	39.9876857632
589.256988465	182.928997306	567.026736153	63.3405085538
694.182982716	129.000353105	505.341672336	44.8691285914
653.680468173	161.843717225	578.491298146	30.9118113623
606.592569214	701.981110734	613.704512034	36.4656323827
623.764307258	662.354034494	653.618126336	38.7212850485
628.038605824	640.104721481	729.352345976	33.0355728449
614.179402879	628.542293333	671.234603394	33.6332238991
580.278910388	757.166948226	551.062078306	35.1867087323
589.06905515	705.966128244	579.714729143	40.3505445602
259.074422455	48.3685946829	732.898293157	48.9155004613
257.449103703	959.220498809	738.994955113	153.789407293
231.225601809	37.6101907638	694.037535067	43.8058010589
290.624325083	8.10186618208	763.061808328	46.7582468202
344.696123977	2.2455325207	742.961927815	38.7481012199
168.881705323	2.40934896989	630.997535446	35.1386053805
132.878971187	32.1124093851	589.324632962	38.2540509486
182.778373634	55.0509047627	502.329952151	31.6521676482
192.71891603	0.823468148757	504.433136211	72.700662453
118.603643913	63.4666567067	554.341235138	30.5395179971
243.266005615	97.9656969765	605.819897288	31.9939274075
499.075034184	5.74869134182	525.792207459	45.2144986678
469.709998203	18.6801710049	610.508163408	31.3541168073
547.618724182	791.905402372	513.111313087	44.5117097037
554.487303748	815.07522053	459.736157972	43.1487301144
509.889771321	864.271205247	461.524038867	38.6838546981
516.001003797	828.125121822	444.11296878	62.9566426533
465.055340118	865.129039504	444.451563039	53.769005963
964.345876026	932.236947634	635.208693591	115.140074449
869.021184937	18.2338120887	654.793549031	39.2525670667
863.318045826	4.11365190335	608.069662661	72.4567618768
771.589901022	956.938088151	527.532269424	39.1690164474
970.233606276	975.145165946	45.4558071652	76.6043778827
50.744458336	30.1154094662	82.0148382472	168.919235416
140.071558766	807.040833444	539.905478147	76.8678242268
44.7638226347	803.871068583	643.810927971	42.9328521625
87.8797010057	822.29419809	625.446133012	84.4454906103
49.2781298305	791.77953784	540.890280805	36.7097019454
53.7690937603	798.69472579	451.909486328	43.0435371712
42.9860515388	1.31458821169	678.265837638	67.4266086809
50.7234432208	963.615682328	658.249215682	159.225309654
172.778297728	762.276886563	122.092350713	56.2803975164
239.902371234	918.275420582	228.356879263	68.928144164
125.016579184	823.419883954	115.694771673	31.5986550643
73.6894059836	762.630215036	367.249923359	31.9352017318
120.731845059	700.821542478	284.320335147	40.8424044908
126.304141591	681.162014412	322.752928129	37.5727313794
933.856515762	183.320567697	459.595601917	59.8965383474
899.84146745	249.902312972	362.511296332	36.3828615077
901.799732494	249.284546752	406.319190256	40.4579668115
905.359798212	247.844202069	323.503355639	38.0836788986
915.003277667	208.129389491	294.608514605	44.466627494
995.498575589	863.173362994	333.036188795	32.2738030963
935.549697667	17.8303930061	632.851133077	62.2117869449
916.830726657	130.83912431	636.502939241	57.611110181
989.298772887	141.508740133	645.165634148	63.4755827561
997.951728038	14.0045664383	620.027821602	120.118944725
987.713731943	187.765285935	495.581688163	45.3638038771
5.38767421006	104.157949367	665.090724866	34.0507418953
917.031598075	211.587045338	568.308299619	53.2478392343
951.828762635	205.493095343	622.770746522	30.4947117858
915.743119776	991.901184337	204.907252525	60.0198165115
894.027474853	884.540961074	69.5487046798	34.4930803299
905.430558523	862.995249809	127.052097795	36.3420951765
903.871456903	907.068661231	127.14039815	33.2427059387
897.056738711	853.509851711	7.19489667727	33.6084520549
888.19171877	203.35351217	201.212706428	79.2048875766
957.297882848	141.97151847	978.605295988	85.3474860477
1.15197096924	152.686449488	984.990924421	116.536103797
80.836210712	892.429150199	976.731484547	154.079412492
115.903385281	21.7841278445	966.69501786	82.1760482631
18.5844426431	4.04329734517	929.539496964	88.5952716889
999.989521039	998.774682139	199.966299533	54.95282983
725.388363213	994.331481279	334.90860759	47.0051806732
723.885983126	978.125101628	437.104781454	34.5958465865
717.427262419	996.121489409	393.150246222	31.7713575642
779.868347002	992.935927306	440.307465222	44.070744334
729.4526259	982.315384714	487.890032246	31.3486534342
763.576412105	998.400502665	502.541178213	61.5123083819
727.836856135	110.112418131	528.28637453	35.3561598259
784.401796094	7.85811225302	605.471735385	53.6222990064
775.218929987	917.241778066	298.523486911	33.6998058017
735.567350625	933.77474481	333.514712264	30.1548073096
761.904026929	946.282391079	227.579502661	40.0059601445
805.717461442	953.258541751	231.541854321	39.6173243704
709.07097301	981.050792708	202.755315663	37.5009774738
838.831913763	924.499749662	1.14131569217	52.3062883976
453.137010558	201.881414865	677.782519247	130.027293795
255.253698114	359.050092266	722.978428738	42.9608873946
477.567217769	329.638452747	786.831878377	40.1960687676
387.541134854	511.253479511	703.796913528	48.9393954924
293.228728034	610.771955803	706.945165967	54.6010853602
336.721319482	579.61361919	746.236631206	32.3737632278
192.467725388	541.929475519	770.445222989	60.9229754604
255.51183343	576.560007795	765.732452843	98.5875685291
211.063872295	412.635158216	758.589349769	31.0915098832
193.619397467	532.884605176	629.064003209	58.7628514652
222.49628649	478.721361301	802.955307359	67.4840007066
331.280424195	456.677912457	770.613354385	99.3170302929
166.083669882	545.198209112	712.320057847	36.2021448972
197.603887975	576.663624711	676.910038035	75.1292546451
141.428443404	644.356485582	697.421484671	39.8829637485
210.998169817	764.717616251	602.856584734	39.9075418138
158.805597284	770.622874803	617.252201882	71.6654084668
247.070017237	670.629150549	681.862928624	58.1942105419
130.636822163	712.964351388	693.770889111	53.8951858561
187.736590815	686.040595166	713.633416687	96.4593113476
159.217780515	710.956807692	540.771812384	78.1848464805
233.899689892	739.163371329	579.533101842	45.9968711377
101.301113057	727.583855666	632.204747621	34.6021594234
305.209716707	820.847881921	252.239054128	50.3568748428
331.405331454	796.515170185	201.303599603	39.140661449
352.716449032	711.401672435	362.211548609	33.0307411536
346.492835088	696.720198448	95.5864911672	45.4925323524
320.107354246	798.03370385	141.980028462	50.3036271196
237.877447579	768.645989849	117.908068154	114.946046413
264.341851257	802.915569829	398.184459535	44.1905932493
248.970971749	845.113358795	320.655048555	55.744002867
131.188114699	650.674548336	377.928159292	33.1879263677
399.42714143	624.112678089	138.852802358	30.4593308104
205.983953488	580.411830028	38.8139216701	39.7556185124
199.932989357	540.351913583	17.0418614149	48.3575591253
265.577829704	559.91756686	18.4417533552	97.8170536022
619.576772687	195.252842855	410.549909664	35.2974429356
544.537817704	142.681743622	592.516663486	113.608156365
620.944604283	630.632376017	628.240799554	41.428051069
648.17107908	623.843877698	705.735406195	32.1821281932
617.093969366	612.352250464	710.980991922	31.3758992516
643.259904977	617.964649985	751.838356089	32.4718298022
639.424243505	604.199054158	664.923393237	49.0187755358
594.321632605	758.571220447	516.657408876	36.5507081536
606.966831365	731.300194048	549.830328107	36.8154119708
562.815635129	730.972035337	531.270366346	30.1470543831
607.552348119	681.937847385	550.141460393	46.4808655961
217.490625119	33.4526673777	758.210169796	54.8523225131
132.450881756	920.064429283	823.33110486	186.901929529
165.201223175	53.9283228173	821.403061718	32.1990988126
113.643496971	7.15570105244	703.043553431	33.0544565607
324.256907808	818.924110186	750.129589131	51.3908866939
300.537352674	824.98403086	805.284568915	76.6679839267
181.506418817	26.1530346398	857.414056969	51.1230831359
325.583740304	8.10186618208	797.050128681	31.9266720931
357.282792558	0.793224607469	781.690138834	41.4828782301
135.100284289	6.35782675305	645.914007072	38.8700223588
158.904516822	3.65649753249	595.245943318	47.5125148449
194.668820823	1.78797269279	657.716715362	33.0489406094
235.711006057	86.7974367604	637.025330244	32.1451588433
533.943602157	19.2691564746	496.972268624	35.5035792882
524.201950898	38.9351851157	548.074567565	39.9740676333
574.045366608	775.108744251	467.389313004	54.6874357679
513.034782636	891.003801423	431.017429114	30.8247269548
818.835580486	29.1350386571	662.282667294	49.1731187817
0.900094815891	916.87883772	2.52272320902	163.969627755
995.844908023	902.077628607	31.8968827106	79.3815403841
916.213282597	6.95713433438	998.037967492	117.757144949
916.038676015	936.278094749	3.85161827822	78.9900836456
3.95508953952	190.82671968	47.4313917455	31.4781290758
124.406387719	152.36286674	987.978332652	45.1135167521
76.2555927647	769.223964703	513.118529456	37.8384924872
214.85214367	782.113971809	542.484119006	40.7304884009
33.779215566	800.209532893	687.226279719	33.24862377
86.6195010659	761.174501007	686.565830094	41.2878138269
71.5486590313	767.216454162	560.868255529	34.1865249368
16.5964560392	9.85239852039	741.911332666	55.7560230157
16.2177115842	62.0859545951	698.522959765	34.3218820185
71.9453734941	2.34884971009	741.35578904	54.0780108789
272.349647763	878.875156225	277.607209709	37.2849545405
298.420184153	944.575561219	198.11171753	33.1138222909
297.988397343	909.055416438	188.710861443	48.665139651
296.540059313	879.490916789	246.210063549	34.6631663631
124.926725998	681.753901846	246.185053881	37.2319341511
900.242029267	233.742297439	446.990169481	45.956123016
931.208346182	221.056984206	508.586739139	36.8419384878
916.470384559	135.508706887	494.850812412	32.582467309
989.286377595	209.451788275	450.885195057	30.1366408019
883.829485546	284.728373614	360.509798594	33.9330029879
884.06614856	287.707311943	409.767387132	32.3320482799
871.334802945	265.688739587	430.925479508	43.9118785036
869.21798562	266.389963861	385.141054788	30.7398092266
894.907160801	250.65837368	284.909002123	38.517310408
887.470357621	161.178172314	678.586134858	71.1363423964
881.809031247	160.289186359	598.29745334	35.5615017783
903.249194743	95.0332674456	682.186273861	44.8292017095
946.489168076	119.854516377	687.032135733	62.793485632
948.619033168	192.067845213	653.882721231	30.4341847019
999.088468509	64.0211471526	731.428387738	77.4033430893
997.951728038	987.821373851	739.306810056	177.283780644
3.03761523805	117.922580489	698.327273184	31.461317867
873.815051163	242.681877872	583.065169297	65.0651305584
880.872914344	187.786392755	533.980435318	30.5242131219
897.600819321	231.017824092	520.379045358	54.1439567601
928.704948179	221.636135624	638.913786803	33.7900891197
921.875724591	193.643541831	618.491741087	59.8122031635
868.569831025	998.9269933	165.261616234	61.2900880629
921.325035785	884.100677833	93.7642829259	48.4576639157
917.28398688	867.724713916	47.0077776388	37.2163546789
886.403244869	870.687142562	159.439014653	35.489980811
877.694100709	907.068661231	150.736888241	39.90669937
996.049288059	65.9408400108	904.368534436	48.0110685885
40.8426988418	119.838950559	878.236552902	30.026188802
63.8943188238	229.371541311	50.0570629366	31.158494884
912.70459205	230.347562686	970.968778982	53.8611307869
92.0581920571	103.986688191	926.551210864	61.8192000445
932.500375056	228.87297666	44.4331599065	42.2843834965
94.3863733096	5.34717184516	869.835757388	62.4718269297
152.868730346	768.583765565	38.6541768637	34.0349696877
202.475403225	795.568311716	963.216018712	160.128710344
990.825081528	818.117636571	873.114021882	33.923839037
140.171036366	101.777496234	976.581838672	60.0561598629
702.916321574	960.813859851	362.712998092	39.296340113
677.118881121	994.331481279	326.449007636	45.3803428159
702.839792114	998.513599171	459.027897091	33.3982906685
698.911921777	987.098868492	500.400682128	35.866141223
771.027928896	0.563275599742	658.967204176	71.7309662542
779.815946661	891.70279654	323.040909177	32.9403942019
796.379480758	889.155956133	292.367690323	31.858844922
560.526697829	198.046068891	754.489438726	37.3723003302
581.006262271	231.808261011	664.179407362	33.370471896
500.190544534	271.702787861	779.478866871	48.6641428802
422.909952755	198.10303264	806.247514911	129.068609979
366.8194889	544.698943155	736.151764227	31.4349831631
158.262709137	590.288291598	791.675922731	41.9659785824
209.623965164	639.853619197	829.026064245	103.532205381
313.905738855	569.144908694	847.29854296	62.8714691292
314.296448317	634.275811503	823.44825655	36.8667563071
236.654528067	392.07872981	762.784539239	44.8485826998
174.242653168	526.987335172	571.776237455	38.7091561969
219.021565208	420.346043753	840.482297211	41.8680867846
193.448941582	500.191137973	862.312925216	47.9292848876
237.680345645	524.273538764	853.179503024	97.2894064836
299.539779056	371.1545075	814.697583744	85.8568096415
428.699175125	456.677912457	742.779425547	35.7701582334
389.473534999	405.758940503	836.08060404	62.8616380483
146.302162207	789.794808588	687.271438316	85.2634375156
100.049758549	750.32540324	577.725546733	45.0825717342
304.469600145	827.594860157	200.267609938	66.8281171306
341.845759859	845.58646613	143.338678812	52.5684698992
217.411695232	558.267587105	973.345096727	89.3403960921
196.6057222	490.44290623	22.8645789394	38.1332520691
158.930621958	567.245939511	5.57883397024	32.8624852861
278.16452709	629.144402484	947.641580558	136.00437358
593.316804127	160.832064151	695.746611498	47.3151109265
539.681703636	57.2141360165	514.818838391	31.3409612212
637.19910674	598.455095641	604.024908137	45.3328149846
659.659969752	643.677770903	613.512127908	42.275627364
622.008866711	660.431724005	596.667680852	52.6803685832
656.669989574	595.615353558	723.036759701	39.1187642707
636.238714277	628.847495571	783.784773776	36.0035259588
628.309323665	592.886255526	770.164875117	35.5546503392
667.958257612	566.289578273	646.172469681	62.8797492254
584.911903635	722.276551564	507.695762238	43.9107093698
628.75739448	715.918620084	521.630775841	44.0069622757
599.164385201	674.598379832	502.95916898	35.3765277008
621.230654519	637.483351584	536.463153993	43.147193272
653.607128692	695.483371083	556.914222242	31.493326414
165.591792641	43.8324338734	778.969702787	42.1481276834
169.474257136	11.9280886266	736.685591045	31.7741583284
179.165065693	71.7782268041	741.049471545	34.8347683175
197.618129713	61.2741609461	712.787323154	30.9523912502
227.856054914	20.0385817609	812.476243427	54.0534370373
87.0522562637	101.658931253	848.754335136	34.2753989336
128.492595474	732.045830905	805.518816593	59.6706274517
984.343004263	37.0879374257	816.017135602	58.5106268603
975.155318568	854.101773752	904.515911667	49.0396880278
279.088355084	806.605413989	724.465638719	31.2319191457
367.260394668	850.518508695	748.37434477	41.9428509664
343.922261167	830.085526958	701.763449789	40.5125093219
291.60447136	750.543353248	781.463552079	39.7646537918
247.916066399	783.012290617	764.565716441	58.2093146673
324.072820678	752.024080045	822.936169919	48.5979583037
342.193394666	808.540856389	869.961055167	32.9131597536
200.841424894	5.27122807722	902.271271066	39.4098046362
143.75333982	51.0357457969	885.299853955	43.8440202404
174.667133315	4.16961695532	809.539058456	78.9805038898
607.513955706	730.150937999	458.897282934	67.4763282797
524.440633342	881.498925834	401.742412301	39.6368181309
831.333335643	5.70174773775	706.024810344	62.1270624099
967.987583156	829.648583953	56.4113285937	33.9939908554
994.384926666	13.1285799188	907.523432254	65.0471953285
932.555421402	856.99771689	4.95273463737	35.0021558543
998.368729629	196.762227085	14.9606747652	34.3784602901
5.58610849066	191.234474418	13.9955032472	38.5675116235
149.455440293	189.545054155	2.45981617124	39.9552641489
159.613538104	182.185394125	997.504973344	36.5317632538
4.71335285436	810.705538873	670.271193138	39.6371455777
54.7831503951	785.206722301	711.230776667	33.3514530929
12.4968760992	809.254527167	713.829204053	30.948127388
33.1329243812	8.14172938156	797.222968155	46.5947932063
249.127828971	905.033067049	295.490679354	32.601493989
340.2328227	897.226977338	163.364206229	35.4654467652
862.70689285	241.666381794	475.767107401	36.3167513575
916.765864085	161.80638473	517.307256413	32.2556834865
864.866803375	310.692661509	376.555145046	38.1268939526
871.874572696	288.713344564	326.858932795	34.6203201489
843.996526898	281.293553106	399.758036547	34.7300439239
879.066490925	269.739180576	252.867647146	43.6270625373
880.799077246	287.852412145	292.604320426	34.966618079
907.878932675	230.718502126	688.41248581	37.6390828258
854.785480932	158.454432589	743.955888237	72.9463930551
837.593598447	196.091903736	638.061268029	43.3848688696
845.451796519	217.002832064	700.195680568	79.0562821539
888.131462146	55.2792298776	701.783334634	30.3562777467
909.549516713	85.9328023775	727.688599202	67.279891214
943.735320292	11.2227596229	752.718060129	111.915886496
125.228771466	77.1052699867	828.590706192	36.9494094912
904.267321399	86.8591751554	855.743144022	30.9859790679
859.769947953	85.6354429001	798.30577234	71.9863957646
35.5219687667	85.0619969127	885.167744649	30.6782863858
866.214227071	277.556564325	519.296749074	51.7803498165
901.465645199	243.922838062	645.414075014	42.5575022669
838.618580125	947.833682942	187.578234551	36.4920873353
958.765405981	850.82034877	99.8152518465	36.9716505454
864.91216417	869.663757767	190.140558509	31.4069441703
887.15106538	835.165668303	147.473886481	32.3683225929
886.030923763	839.784490724	180.661317722	30.041063645
850.317604631	904.635194913	182.371950375	30.598237839
93.2840284135	223.558192161	64.267471969	47.9492343246
57.9873735061	257.724878835	33.9114124018	60.8135597319
860.236176017	221.479661384	987.96558981	38.0427926616
870.04746019	235.972678975	6.59451548057	81.6543901074
952.797379477	245.075525414	6.97046565143	35.0927463791
880.874758719	187.058989356	986.247098981	64.7579335687
74.3344348984	71.4931334004	874.561523199	35.1356800337
945.651650427	203.582062486	10.5433349136	43.4014959343
930.653287421	215.019819394	86.4544036137	46.0048973555
151.290955739	765.822660002	2.75980455058	53.2122879296
204.723507758	741.613802935	810.344910499	109.950311982
103.4719572	667.230511312	959.549224415	30.0401536851
984.799947533	846.569658215	852.026052899	42.1173857985
995.981368143	792.658471411	848.29939255	34.792297498
744.171333168	29.3381995937	721.312872829	41.8984547898
764.191985016	891.164039241	354.288832468	31.3903597345
801.711999535	864.480676751	322.449123964	34.1211155143
817.282275015	888.81881429	265.733484738	35.3859572269
580.850055638	165.089272444	747.348799496	37.2809090666
546.748985415	233.373536619	765.087679044	32.6773800065
558.347552733	179.886526425	789.35576026	30.3452014365
505.504727797	313.250038829	750.975520277	41.6990250584
144.071800347	603.18911777	752.113389136	31.4063882529
369.306448248	545.279987724	871.16346393	30.6893178554
314.889851199	672.846998833	818.701033494	32.2473220126
581.955053395	203.754233584	717.207696214	32.0153452793
552.735903752	56.8877810136	484.141468118	42.2381907957
675.250783946	583.392973414	580.242609884	75.8455763445
663.833137249	659.991468526	561.447242504	47.0283886581
676.631352047	563.881905523	739.927143332	38.4801500044
638.281119162	558.837612734	723.036759701	32.8057140172
622.168309375	601.604796718	806.237547556	32.4042715384
649.113641196	615.972568653	817.142538974	38.5056417407
610.216963899	638.334592063	757.763023398	32.6850932407
649.087748884	562.43511512	777.329849331	44.659217036
717.863850706	529.624244572	626.821321339	78.1107246631
662.188603932	527.055933244	697.522387439	44.6516336887
655.612893967	692.839675213	492.257573278	50.0636246177
637.290365203	616.313732955	499.96381153	52.4285531129
155.41798117	98.8007712603	748.965166386	31.9635562169
186.995866269	97.4063014179	715.777342412	32.8263982225
206.404238739	80.7291166459	687.684154509	32.4004195525
282.392144059	7.31349429369	814.900069612	30.631605628
97.3675691704	121.496071458	820.188853241	31.8293114163
85.5945927799	137.371686608	854.949404943	34.4471044492
988.182272818	825.801838658	944.944390374	48.7320751789
997.867012763	896.356088535	921.945816515	94.8444243263
652.366945526	704.183417577	412.62788291	62.0755160945
605.650827734	766.792454795	399.898230465	61.936465216
602.886768295	665.370314236	434.218950072	36.8375166246
586.869719173	706.378786839	396.964573334	39.2283275184
540.540190441	867.411813372	366.021519987	53.2747341906
488.129559813	863.035668108	393.126225362	56.5443372657
781.147429	5.70174773775	745.945417901	66.5673307704
984.291323106	805.845123627	34.8903918606	55.1503116375
9.121463798	29.3387707638	844.156322587	42.452888305
934.908891114	14.3181006298	876.595893767	48.0464333957
955.106759727	828.116178333	999.809446949	68.9752763087
979.486844238	222.724819497	997.84896613	114.833624596
45.2202417268	193.436370709	5.62829734175	32.8921881136
112.610690861	183.975499008	21.7390455257	66.8139128729
133.114969507	222.225995729	981.839698273	50.7138501524
75.2874765536	761.773206691	727.969002102	32.1108008593
999.343784793	788.85381412	691.549477963	33.9176381744
80.2663174816	9.166368362	809.00631643	30.4271139547
835.008108449	337.488926186	375.789537483	50.2334826987
830.146540311	302.698077832	426.198920032	40.7397946154
847.926171555	294.72385542	230.779746197	34.2272793091
875.091634496	282.160606918	209.144226422	42.9258713361
861.500556185	307.922874048	268.288183889	36.0675743163
857.348584616	313.771377682	304.638125854	35.0426445425
797.28696237	174.88258075	789.133295679	49.0563610686
878.818367209	162.059365531	814.852902756	37.6927006213
864.985356965	208.725250181	798.598081271	39.9570007954
122.234004899	194.608215675	92.8808208214	51.5884946228
92.2647093504	235.790020917	112.685127463	44.7743427824
51.3524056711	319.09833131	22.3002186904	41.3962622013
59.6915505262	299.193186325	81.0603099586	43.5461289162
92.4291673447	296.323440896	998.2819705	125.602972378
867.732769461	259.899702786	996.399257435	30.4278787313
836.829880685	253.579723555	992.981224524	37.59754634
828.902375176	229.565803537	964.381008532	42.2552312004
791.56396537	263.441902162	15.7509232096	49.201633448
827.007631557	256.057932337	75.4582412936	81.6083230377
842.300157341	307.119609358	972.443988897	34.4691336497
797.24353146	273.445289351	989.464179309	62.8747666835
851.163898797	316.227814899	20.757186526	50.357022311
854.020902775	128.681041652	968.149935193	54.7296415339
901.116519328	245.813471236	108.449869215	42.1790674855
151.842940639	710.624169971	3.86377435121	32.3551717791
206.312527078	765.822660002	7.34493549552	86.4739913782
110.88706043	728.304757216	5.64579707261	31.2355528935
107.159613739	638.256067078	972.719426339	40.1056304864
124.551663052	653.573237098	939.657107625	33.2467922158
996.903696569	823.975993349	816.118264093	30.5321467868
701.459323102	38.8297573861	717.753538657	30.1395294273
706.373206666	8.21571713649	714.08676041	53.3115194553
773.47026734	866.421953042	374.701053583	30.334187655
738.458320227	909.177604593	365.611644975	31.2539397193
829.873799676	843.900899724	313.06185725	35.6454000769
798.390859881	847.210750549	353.999950679	32.1400974288
800.741604732	922.237719555	263.032967141	31.6488098288
843.765852311	884.051770377	239.779578988	30.8641240319
822.298328167	907.879816267	233.96514811	36.0760050353
832.852156566	855.732815992	273.518425514	36.0727249233
575.877720309	144.817443797	780.625197464	33.4476488845
548.732707846	142.476037774	747.021071457	71.1320119079
530.435619989	311.937886608	715.110026246	32.7384743725
538.255642379	288.022983002	736.81296262	30.1937125644
384.877878897	553.390107854	898.737872371	32.4313969537
321.22405816	700.850861184	837.370275061	50.8597982699
529.40422314	32.4039186433	455.624969592	39.328220894
716.898172082	548.15287576	524.712759036	82.6050673238
696.420298175	638.545128905	529.54719423	47.5033983421
109.317942507	148.731806039	804.069745019	35.0523229697
67.0233994238	164.739761027	870.262494201	30.269025637
83.9090367431	172.34697437	844.836068722	31.4406627129
997.257502317	795.85358131	905.013380578	60.8655068311
937.312916202	854.889696325	858.758933147	35.5269784984
687.58276857	686.575506055	362.076136927	43.5224274869
636.443031355	721.102576383	352.913204768	74.351349036
670.516392349	656.268877963	451.104710175	69.3127847663
629.684458705	652.013697889	383.140650043	56.8792189126
560.956751158	800.313012226	368.806698935	72.3393323005
603.789661211	650.02113466	469.883220264	31.3966982501
563.712749149	854.722078842	317.469492219	64.0390344654
499.139152793	855.662870256	331.334164119	42.9726723914
538.239571495	912.273882823	333.81285474	43.8903458367
443.838253078	889.610452149	365.567190061	34.3667533889
835.602803566	17.7325863046	785.83714578	67.2033348338
723.832199013	5.12280602071	783.576629508	34.7353623018
921.038923137	56.7948775575	854.057195806	34.9729795033
160.365765913	182.93522761	128.677984222	37.9463053895
116.796031289	210.922136505	143.635241182	41.8849204592
43.787499212	324.374600906	115.519087806	30.3638872716
37.2262845854	334.798513477	63.681519325	48.8826703828
73.6503290783	319.533120787	119.347245416	30.4915265753
26.9319099879	405.48553649	7.01493814737	68.6860014081
48.3960997566	382.131470042	81.8318936157	35.2082303071
1.85298205744	373.960171142	952.993877856	130.176070441
196.972599861	369.28604484	992.837000056	30.6078758983
65.9896977261	244.76647514	884.59225114	30.8337251232
805.59960697	210.257795595	932.090029732	50.5202869336
811.777807755	199.823133805	992.321092219	69.6218109873
757.393128695	300.241264735	5.76252479686	31.2745206006
761.935193372	299.511711551	36.791645353	33.7370585323
845.490006402	278.889101263	153.736534752	69.6133540095
816.891353243	336.988158848	93.8514745915	70.8208315168
810.750435619	826.521895509	378.181729297	35.5409276436
856.782440205	856.223203155	228.10953467	35.5311824636
849.037753471	822.552342338	264.211707294	34.8865987265
587.017580054	106.743490379	798.067567735	33.5140722224
526.77703775	316.053791628	680.810817748	34.7410971666
405.98800913	565.047940968	923.313844881	37.0505599109
366.347068742	685.455951691	860.197209826	30.2012949971
356.237691888	713.620539367	874.855459406	30.4023024908
534.9737557	998.986723284	479.295482972	60.2164122053
510.129716926	1.93776365932	475.832113204	52.8747978744
527.213489912	72.5673611568	446.131792271	31.468529377
771.151723663	489.323723443	497.259154621	58.0739552046
687.634129319	469.767046932	512.171026423	45.9981994612
741.933503608	592.660131807	457.25644909	39.1012604151
673.672826572	538.177796027	452.670516519	59.4915712656
700.439357528	597.529319423	458.011247422	73.4259075599
122.188250441	114.284805392	799.527283396	36.1780545745
109.021912061	174.78248531	777.723035302	40.330158269
80.6306146443	171.841042372	808.054096111	30.8995976978
35.5892901682	157.754403415	872.358101485	39.9809252772
51.9024920117	347.490034941	136.66725086	31.2936688105
9.03323356659	371.631370453	84.5989442744	68.2749929045
65.036793904	229.520013986	855.528684565	32.7230365054
792.351094042	249.473393863	899.763658187	47.8001106275
771.624034826	182.57399607	903.147875684	32.4393597336
829.654055452	211.701062504	885.424399677	36.183476914
813.589492197	177.765595674	891.607944584	60.3836284911
772.646322111	329.813782583	5.76252479686	60.8613984057
757.393128695	332.112475195	996.201161659	52.2017625763
749.471649049	321.88217572	61.7187339983	33.0149766295
800.545014121	266.861568117	208.176947937	31.5615235594
818.734219851	325.860370984	200.707804474	30.958472595
780.558145424	272.195094976	183.190162412	40.2533003906
795.794712225	232.506826698	176.265068112	45.8791062849
778.268716615	303.582636286	153.736534752	47.8342402904
836.653197955	344.825287362	180.246960091	49.6045447001
831.932122435	255.840698519	220.170166189	35.8899940546
770.984122489	387.021882254	67.5450839346	80.0961423796
829.180598598	391.817099662	140.172476314	38.3956760153
790.750198191	363.1293139	156.590246717	36.6289004779
753.66443613	339.517235533	129.890817346	38.4866739953
832.503169578	796.309765011	373.347788417	37.263813053
784.726218659	846.616544048	396.299855029	32.7803535523
804.691417813	815.413696198	413.525999832	32.7191255074
827.47249386	823.177483861	344.737612815	37.4995372755
874.275159824	824.418258392	218.568051241	31.0147204273
134.214472106	138.616928297	772.678044328	33.6799019468
145.364607806	88.7647714391	783.121547283	37.3413209299
130.718494604	161.674133356	743.822125077	39.6967040869
117.980801117	209.274208178	754.877868208	30.7820933418
96.2767570083	215.142142976	777.014971132	37.0809048801
49.7966039261	173.181651534	819.449273986	34.3670955468
28.8852037061	438.631769674	92.0434330768	31.3313427732
995.562813308	427.962218809	44.7999753273	129.721441538
37.9648960245	407.9377704	137.356681698	30.0119543022
777.647711296	275.379353938	859.85447645	40.336245611
786.620008912	236.57845232	852.004615437	37.8288379507
826.177223517	251.010945203	863.246813867	34.1407704635
774.118251262	289.211640948	923.606606438	42.2398005514
752.828305998	158.91730289	886.620596886	34.2356679735
846.461333108	215.436013094	851.342975541	32.6356768695
814.817906771	144.598402164	838.786117883	76.4356532237
860.200539317	138.831662196	905.86544135	30.971880459
770.746277685	375.414848804	962.536514107	50.3958697317
814.749206464	349.969418709	963.659640443	32.3860749199
811.169009471	377.967141784	993.563673799	50.2805659877
835.176279412	330.873612367	999.403546088	48.2030426645
795.248384277	322.859301916	947.518749215	32.0460436331
825.399239492	363.551113466	11.2831789414	54.1935319863
723.009187186	370.115778967	978.556770622	38.7071687196
712.722020648	361.893213893	3.64634633354	34.4613886205
735.887270914	339.793138688	947.044915303	30.0861100584
783.381055062	242.387033904	223.433800434	32.2455150677
838.650249586	327.77012726	226.898747687	34.5539904861
781.251746033	200.437721762	143.823066608	33.2605366968
805.3166514	214.023062416	219.393851436	54.7643259462
20.4423691928	428.240588734	122.567527087	39.8719449644
16.8624530411	469.690542225	90.7075718918	33.5590800088
3.01628193721	438.631769674	71.0249341395	58.6128114759
939.428094048	546.468848356	32.3255932696	93.3860886347
976.560273703	535.067442036	970.517320509	46.3059052096
19.6117482533	548.206893538	996.702105436	104.636256669
989.20185196	410.469575103	914.400267706	35.2827172492
15.9973668719	550.569540195	1.2062610566	41.8695917827
760.359513366	302.705860344	832.527970043	33.6012059563
792.900573343	311.604901299	875.583990435	35.7273117346
803.890268644	284.599711925	827.937852648	49.6975888986
755.957150011	301.354470539	885.294023637	30.1882432088
815.932805141	224.963948154	827.669463851	62.2177045759
778.632281622	332.54633241	915.932754825	36.6719914075
741.016125776	126.761923397	874.808416665	40.9286221544
753.81630656	135.534622929	914.284612615	56.478061477
877.827406827	117.741893943	877.004994966	31.5215154471
745.034079026	408.238932198	994.266461388	74.0979936667
764.70868902	390.508820465	912.726407627	31.7211478177
733.848112332	380.145382824	925.638348754	46.1303775321
830.443461443	424.452584775	7.73606495513	32.9814903159
816.930971258	429.824797858	996.856223391	35.2155410121
881.351942026	311.171996319	999.403546088	36.7684373898
10.5367765848	503.849195089	98.2983836392	33.4027857276
9.48677246337	483.427473316	30.7088008611	34.4535526896
990.35747505	595.305241098	96.5105665872	30.2766993557
961.708288433	609.377632503	964.174410445	43.9117684957
929.500781394	632.204730365	991.713859686	35.4256177216
992.355966041	484.200763659	983.133806359	61.0896218481
993.522892077	577.614338131	960.199195897	74.21203436
788.491852974	332.388868755	844.408039251	37.7987509431
761.322141765	331.847485644	879.632507304	47.1980018382
799.952940076	313.735943328	785.414704114	59.2479383894
842.869217153	273.860613866	795.720558473	36.0162166804
817.206129088	249.793765128	768.459900298	70.9009852244
730.68918701	96.9960410713	845.650001325	30.7160863657
699.05317994	454.219831284	33.7939009533	45.1443640601
703.43401351	465.439022282	966.186417165	61.9126361963
764.896843729	480.123223504	979.132926376	59.9084047545
790.163209036	460.889583877	25.6061350062	51.8613682467
740.381855383	482.67451049	9.3861882285	88.8417366647
757.101813534	425.13376051	921.055538704	32.9266225803
750.076644298	410.366595445	889.733194493	35.4350151436
719.145199061	424.254122635	913.197422141	53.1017468434
724.509447373	373.141384105	878.945023962	34.8637421341
1.98640324999	507.997648326	56.5721429762	33.0008719948
22.6509237512	501.345345903	1.8208022017	46.7513585163
962.416216919	652.561270113	979.748837124	31.9885874063
934.381683574	641.714114919	946.412117286	32.2109443046
964.262009246	633.212360087	3.33146290495	32.0582293897
909.03707344	655.272910242	970.506016897	30.5982102032
935.270492228	667.207642757	3.63792874277	42.6024566643
898.29483402	631.198086902	12.3500506922	31.3182962049
996.914263645	447.734382824	931.852958309	30.5245334583
984.842471464	421.588308855	985.012180003	59.095090953
979.039055132	477.098411174	921.876016177	33.4501753534
969.180315745	526.283253256	909.397297464	37.6110786093
934.975185521	606.888191409	921.167391526	32.3276661739
767.413240526	364.231027984	833.196011354	44.9411529061
844.365604692	336.907768345	750.174220234	33.8957256387
773.891462261	330.675903908	732.640211538	57.5579036083
784.764229439	372.320970073	776.012168957	49.0464096573
745.916079664	327.008154658	811.011111677	32.1284968262
829.828391374	310.179341983	732.065683939	62.8779901612
704.021947893	434.344759473	76.2542816411	30.2370880834
675.549471805	473.572013613	909.255477849	36.824173186
701.061993104	527.111552839	949.582274323	81.1987352291
648.388851534	456.681837422	997.462077379	34.5796297162
772.180689555	539.850759274	993.700618028	36.7622531498
804.68517245	461.408225427	77.4702900553	37.1855079032
694.023913807	553.039243238	43.3268240251	45.9663086613
770.060738916	482.67451049	95.2429584479	60.8842910941
662.84813402	530.000288464	8.37925678222	44.0089873416
741.750413301	560.682311844	55.9171574573	55.3639221616
727.3179071	474.198449539	891.403534038	37.0234323962
703.52175546	426.409080373	860.400957559	41.2104630229
720.251085399	378.677254672	842.748947179	33.0382282367
943.399624999	672.091823976	959.447340345	30.8534624894
949.080432233	680.97228966	992.794713446	56.4904971973
926.49922376	669.302724269	927.780848634	34.8301347276
950.971051762	559.534952703	897.917544084	30.4970712687
930.698901796	636.822177485	904.917513371	36.5056803741
726.958753323	368.276476704	809.732408776	34.0511634773
758.472944486	409.925874414	839.156208714	31.2543903967
743.791840044	368.743073182	698.11417429	48.1749855825
810.780948133	360.080566559	696.285355897	66.8098570029
786.530500092	292.126838524	689.035531022	52.779310727
731.752935878	350.681062898	769.671037754	30.2009394788
730.583434318	369.525752504	745.377866816	37.2098035076
790.70951252	411.559838414	743.907640315	44.158535576
740.109344483	396.314639602	770.013751575	59.0893666155
873.276109216	303.291289155	684.379164356	33.07503067
664.378332461	487.750767396	874.882741407	31.9884381732
680.682935277	458.638301692	873.787912037	35.8796246906
728.045374737	593.413576279	907.179817471	39.4249893906
664.106763447	564.870157054	885.312309702	59.5254549041
641.694620001	561.892438091	996.356568283	41.7707974641
686.216471738	605.580737204	926.25359789	79.9772812806
711.522020522	589.871717343	3.1899148372	69.0706720583
725.056914491	590.698094513	997.572117096	57.3056667857
689.956229693	511.246176536	868.668855179	51.5841872058
693.544274702	591.410371659	72.1051703405	35.4788678713
776.533398827	435.600620223	136.432612431	45.9158645684
777.706845892	514.788159791	148.765707284	42.3065853745
720.947749449	521.728212957	91.1008990953	37.8351056558
774.78207984	542.16340614	115.072590331	33.2483546005
736.311232324	522.434203186	130.379431064	39.686868345
744.910951825	488.176026416	152.615910248	30.6930736845
639.118234372	569.324122167	5.66726825099	33.6470756739
707.464675592	572.783160447	100.286935669	34.6483157716
738.757453151	432.168992842	824.243208859	40.1362489988
735.97580317	378.29600714	649.481055959	46.5035304029
761.28109303	412.926449145	682.005651803	85.0749207804
827.873149138	342.988365554	631.860905954	57.4908343569
768.860381821	328.197318942	652.003067539	52.648356435
806.460268775	267.086872743	644.576816267	59.6416593359
751.04554783	453.729707174	787.785082014	30.0119356846
694.678138579	437.125722872	771.553792453	38.892669416
704.051306836	411.768084308	816.842371896	35.1493244949
727.951423722	453.051603155	750.908447521	62.0876900545
873.68793097	293.819388816	650.60978054	37.9552420412
671.57809802	468.835719421	838.461143477	32.1007504167
709.197680839	467.024991564	850.305180398	48.6652358666
619.905807481	600.230921827	861.202697356	30.0375006274
686.276821516	548.953192287	830.171396044	32.32646155
639.472550675	570.816346344	829.248239254	39.0916593934
617.708073092	597.654198937	988.506425659	32.2743647193
629.199621827	602.665590026	6.22104052568	32.1143681011
705.335518562	668.820661315	877.720632875	35.0258992755
690.021146652	687.381247861	930.058272804	42.823065282
654.817363461	646.574017455	989.924011897	80.2563047454
679.054083417	627.067902167	847.46732636	31.6845233028
646.065835484	616.054816227	855.553564487	60.0268349828
610.581033243	631.075828832	907.557197363	31.605662507
729.275823791	624.491633719	62.6651557903	35.5792750811
696.922063688	659.395321313	5.27562295629	53.1509245135
681.731859119	625.336195204	57.0959211858	42.9436712759
652.018037215	624.81850119	20.1910529247	35.9797413272
651.964046229	518.48278291	831.581247513	32.8805852186
679.385891979	504.903973908	816.521855793	52.546540155
701.196922726	604.97642952	106.194238812	39.8542928584
778.509012632	467.210441105	172.388783685	49.1609988028
801.677359401	417.962319522	173.210345808	49.1560242203
745.627567606	536.174345316	170.59743834	51.0039466171
752.322933297	568.900485357	110.259916072	42.0080728101
730.253643603	389.168110317	602.559347508	46.4702542177
692.020684122	463.297655624	666.264649778	47.1340794663
728.799194676	439.263123486	605.629296215	69.1285018939
806.636212736	476.279632226	643.129834912	30.436364399
813.632044241	441.836675934	618.715695861	36.2374280439
785.550383216	494.103040459	661.920721993	38.9376899499
823.576560846	401.484424444	622.252856143	40.3572611923
776.909501123	362.915543247	612.459235788	74.6297563049
837.23457677	331.466608468	574.252120524	53.2627823074
794.450915434	289.771206832	588.533167341	52.7958995507
816.490969376	219.883575798	606.224137499	33.1225116951
683.130614935	441.322712548	808.540510031	30.3251385373
677.401483685	491.629188972	742.926878042	45.0256394197
734.129716469	512.363213527	727.430935082	33.2611642543
715.23271346	493.024692549	702.456217953	69.4611006637
868.874614044	300.43769959	611.501580515	38.4608147009
661.981776471	718.579983696	945.855101075	56.1762082353
693.513353425	705.140921185	32.8033521273	31.4061148277
605.174689947	680.5884419	933.846177002	44.8935205697
584.541059606	688.739799768	996.951642282	40.8821853801
721.631591788	652.803604102	86.1640912078	30.1951349883
656.23303928	679.949570756	36.3167343606	34.4948866845
705.987594838	713.788508213	4.36906984129	30.6237964783
694.338591725	681.0964858	55.9116734264	41.1503721518
690.679812933	651.682948103	92.3906278991	46.5708891921
631.332182564	651.210798504	2.35841960463	39.0789993585
679.385891979	529.949091691	768.064997474	49.6753908364
706.370575021	634.496680852	135.410157656	50.5562514052
740.973060568	608.291107674	93.5984618286	33.1640112988
796.519691582	469.694672685	220.210241585	41.4071675395
761.108438453	497.500329491	209.767794885	51.0931286207
818.248421088	388.134408486	211.323787687	43.5697363049
732.386897749	577.157371062	201.492334673	55.4434240124
713.318934867	570.502267601	146.365963786	36.8264105153
729.746678059	375.987006185	555.918517501	40.1911656561
757.137096404	484.088531674	558.227715143	72.4589150159
684.690371685	483.90337808	572.149105269	49.1406185856
691.750840695	435.895091306	545.004716973	33.9207685384
752.356918252	410.745879157	544.875166993	76.7795146558
819.072029551	430.276707151	582.675793184	34.8849307548
791.774373709	498.252367454	621.672250143	34.8493693847
773.476742352	319.66278273	549.296474399	47.358577369
830.315234463	391.189166779	565.3365299	37.7204710159
803.781210926	353.768852364	536.338305901	75.7431728204
813.899549017	253.791234703	552.066979373	37.1342454675
698.636453311	724.398186369	990.655261656	30.6840297618
691.407291139	757.814003253	977.148902388	45.4546200268
617.330768232	739.383294353	976.80636815	81.7440834949
676.077880657	721.14291173	2.23951781713	43.8049373468
675.134848479	718.846924873	57.1003586658	43.8425319754
625.925998601	696.682363817	4.89420633184	34.1372205065
676.274448828	680.917363492	128.404038162	43.777329552
700.138733568	653.192205211	184.131827196	46.8547328682
742.627408854	597.499911635	144.289382268	36.6149347159
686.848491648	603.091590209	172.756751935	31.9730824953
782.765921264	436.292659054	244.279339642	39.8505716057
803.910889818	482.998829509	260.861831882	30.6202215357
744.371139587	501.684654208	259.979691484	51.7373694711
772.502547567	543.747007658	233.226254824	35.0842774132
820.623520591	432.311259245	222.249245402	32.0085194423
819.164592356	400.044634972	255.300008559	45.1727318952
845.644656509	363.228739921	237.889834156	33.9104268735
730.186558287	587.425621887	257.967714207	52.1112043224
689.338900066	558.287015914	234.515456183	32.6812946416
686.176302972	610.83627912	206.974947612	45.0729570281
742.27436634	436.960514129	471.272538034	79.2417166975
818.415022895	434.338059387	509.015053044	33.9077024958
741.896228666	354.955534698	490.247121376	34.463356027
778.753805666	323.378431691	469.300613239	37.0690122453
790.405268121	291.90511689	491.194498933	30.2120801823
813.579386798	402.106519997	476.242827222	48.2099866505
819.960332508	316.916408761	469.824139398	58.9049920904
769.430728586	360.346604301	466.906479894	53.0373050326
836.191514245	230.326008147	530.068329477	30.6757027086
810.813091041	272.309982559	517.730134391	38.3663058525
672.877682848	778.346812441	15.7105196432	36.5918747894
684.570017282	770.43666268	931.917706107	31.1620041531
645.530662351	776.647440154	46.2989643731	43.2506038797
560.295968336	685.62635652	6.3071267172	36.4064054295
634.280564561	735.21751817	14.6081113555	40.1802223823
669.93885544	741.940227268	96.3589727367	40.3793398519
682.566083664	724.958807343	139.18969788	34.8872970369
647.242637352	703.637911605	155.542470629	34.7567184161
666.569919612	663.351188382	218.142336074	59.5733328074
689.885037774	700.188310938	175.587080701	35.3709145406
804.91706122	454.183964404	274.950148814	39.5356304558
764.953135066	439.142704846	282.042446381	36.7468005451
791.86079479	496.555186415	287.974545695	36.1920142742
763.096735583	472.555949325	301.071971587	63.2246975534
701.814276167	519.155366559	287.753644452	43.5110894434
761.745971161	537.399585778	296.177257264	47.2111174275
822.223060414	404.122592383	302.19651878	40.6430392883
828.469316855	364.517505068	284.905950145	41.3456979166
679.736855961	573.86387395	272.071932061	51.3287514313
707.876808649	636.228199219	264.939510969	48.2613484002
724.22006376	569.526138306	308.682917685	65.5097842412
711.613095706	532.209908823	229.354362071	33.4846891769
743.044058397	473.905732856	398.921484695	89.0707971122
798.107725543	406.764921907	420.566732228	62.1335583916
673.815997177	480.674894438	469.622938777	37.3480173606
740.487430936	385.139387411	408.729798892	33.0636068592
844.242609025	374.588243639	447.545196163	30.5890412578
871.737327596	308.950717209	438.757942345	33.8675582815
644.051007164	788.48468165	89.9487923886	47.8447863599
628.808448469	788.260088683	5.88694749095	45.4450457456
643.973618986	726.511608505	126.087286938	31.6748315408
654.31323673	761.563097276	130.517302011	52.9872940285
679.132887063	738.004954427	173.52166389	32.7398671758
625.021316691	731.414562431	164.801354238	31.5111132933
631.769830064	695.620362326	257.371527927	63.7034922741
638.110397753	628.221466088	259.942258803	41.7533076853
695.897711535	692.678980305	263.650978713	33.204600929
686.970902152	721.263654949	213.535662597	30.3505606329
628.779562484	701.882532904	188.502840287	31.552531263
784.310112096	405.782808261	285.749101557	31.2542413928
785.639152712	523.572998616	334.88559728	31.8609494837
802.820658458	437.598897195	339.206937546	47.5997038162
695.138523589	493.704059857	324.887518166	41.7507613063
835.569736664	373.394198225	328.579483461	38.8657245202
785.729532745	394.096897968	321.846879833	37.1112239436
644.538730868	565.172978865	311.180959942	38.1835937397
650.462743875	608.626882051	299.973820143	59.3634647067
708.775551557	662.741115005	307.629799099	33.8636604909
705.573504759	584.586820576	371.79434815	74.7877722408
666.344152748	505.340120417	361.200219621	39.3322772858
762.079858617	549.183670089	446.510985244	41.4847825129
771.448831858	395.246360195	362.869272225	42.237434941
783.294344331	349.289002808	396.272787041	31.5617980637
825.427628719	402.862078596	362.674556448	39.4488935547
837.361078646	356.092411537	422.707824215	44.5088472775
883.646692241	290.848482949	467.340417494	30.4228554344
608.052422256	804.905088801	120.263390206	30.4167085241
594.846662563	755.656774213	0.000237933843342	30.7218439279
648.470594326	799.315555884	170.067496743	62.0267134735
653.868121647	726.899563035	194.621907534	60.5803452387
667.658151436	747.152310963	276.696008666	41.9062250573
599.903819106	660.47402671	302.827455323	31.3906107023
586.534089548	740.37487156	241.009664336	37.2991167309
608.50135747	750.467476298	285.07209054	75.0292636151
674.50531836	670.615555344	300.561649077	62.3536696989
796.860950329	363.246969233	343.155593495	31.3481190245
662.644582617	529.493800418	307.453284582	31.9321396081
655.711021261	537.242252882	337.822575495	40.2699246254
632.6201375	594.947550498	357.070160541	40.1051184945
637.895282518	553.823992285	391.021115832	31.5283814525
796.713758282	325.480365154	415.752581485	30.4804464054
596.747324791	831.283649553	135.336853493	32.0957368917
672.09635447	847.442104325	205.068622882	32.9554150021
585.326912337	806.476179615	177.879086268	31.5782772678
602.76023721	770.138732193	204.107124383	43.2803662674
672.684715614	777.302718349	225.099590581	33.7525716803
653.948546017	809.358467318	233.063941194	48.8182323005
606.618976743	643.350374737	330.695359516	32.6603489717
575.783428687	815.903333864	260.964143015	63.1846761118
645.754579955	815.170441666	304.025484435	31.0961832032
627.72285398	808.71443542	331.669657837	41.2356513221
639.634086378	582.948956945	407.539752504	42.9524008717
629.858116979	849.700014047	274.482815088	37.5697468218
620.83131012	609.272843706	438.752361093	33.8431852793
336	838	645	27.0
318.971554279	837.036125714	668.454274295	31.5854870771
317.550206513	856.222018259	632.016811991	30.2317919739
748	642	529	9.0
595	606	781	12.0
