# X	Y	Cost
0.0	0.0	0.785398163397
0.0	0.05	0.840934200124
0.0	0.1	0.896470236851
0.0	0.15	0.952006273578
0.0	0.2	1.00754231031
0.0	0.25	1.06307834703
0.0	0.3	1.11861438376
0.0	0.35	1.17415042049
0.0	0.4	1.22968645721
0.0	0.45	1.28522249394
0.0	0.5	1.34075853067
0.0	0.55	1.39629456739
0.0	0.6	1.45183060412
0.0	0.65	1.50736664085
0.0	0.7	1.56290267758
0.0	0.75	1.6184387143
0.0	0.8	1.67397475103
0.0	0.85	1.72951078776
0.0	0.9	1.78504682448
0.0	0.95	1.84058286121
0.0	1.0	1.89611889794
0.0	1.05	1.95165493466
0.0	1.1	2.00719097139
0.0	1.15	2.06272700812
0.0	1.2	2.11826304484
0.0	1.25	2.17379908157
0.0	1.3	2.2293351183
0.0	1.35	2.28487115503
0.0	1.4	2.34040719175
0.0	1.45	2.39594322848
0.0	1.5	2.45147926521
0.0	1.55	2.50701530193
0.0	1.6	2.56255133866
0.0	1.65	2.61808737539
0.0	1.7	2.67362341211
0.0	1.75	2.72915944884
0.0	1.8	2.78469548557
0.0	1.85	2.8402315223
0.0	1.9	2.89576755902
0.0	1.95	2.95130359575
0.05	0.0	0.835398163397
0.05	0.05	0.856108841516
0.05	0.1	0.911644878243
0.05	0.15	0.96718091497
0.05	0.2	1.0227169517
0.05	0.25	1.07825298842
0.05	0.3	1.13378902515
0.05	0.35	1.18932506188
0.05	0.4	1.2448610986
0.05	0.45	1.30039713533
0.05	0.5	1.35593317206
0.05	0.55	1.41146920879
0.05	0.6	1.46700524551
0.05	0.65	1.52254128224
0.05	0.7	1.57807731897
0.05	0.75	1.63361335569
0.05	0.8	1.68914939242
0.05	0.85	1.74468542915
0.05	0.9	1.80022146587
0.05	0.95	1.8557575026
0.05	1.0	1.91129353933
0.05	1.05	1.96682957606
0.05	1.1	2.02236561278
0.05	1.15	2.07790164951
0.05	1.2	2.13343768624
0.05	1.25	2.18897372296
0.05	1.3	2.24450975969
0.05	1.35	2.30004579642
0.05	1.4	2.35558183314
0.05	1.45	2.41111786987
0.05	1.5	2.4666539066
0.05	1.55	2.52218994333
0.05	1.6	2.57772598005
0.05	1.65	2.63326201678
0.05	1.7	2.68879805351
0.05	1.75	2.74433409023
0.05	1.8	2.79987012696
0.05	1.85	2.85540616369
0.05	1.9	2.91094220041
0.05	1.95	2.96647823714
0.1	0.0	0.885398163397
0.1	0.05	0.897201562272
0.1	0.1	0.926819519635
0.1	0.15	0.982355556362
0.1	0.2	1.03789159309
0.1	0.25	1.09342762982
0.1	0.3	1.14896366654
0.1	0.35	1.20449970327
0.1	0.4	1.26003574
0.1	0.45	1.31557177672
0.1	0.5	1.37110781345
0.1	0.55	1.42664385018
0.1	0.6	1.4821798869
0.1	0.65	1.53771592363
0.1	0.7	1.59325196036
0.1	0.75	1.64878799709
0.1	0.8	1.70432403381
0.1	0.85	1.75986007054
0.1	0.9	1.81539610727
0.1	0.95	1.87093214399
0.1	1.0	1.92646818072
0.1	1.05	1.98200421745
0.1	1.1	2.03754025417
0.1	1.15	2.0930762909
0.1	1.2	2.14861232763
0.1	1.25	2.20414836436
0.1	1.3	2.25968440108
0.1	1.35	2.31522043781
0.1	1.4	2.37075647454
0.1	1.45	2.42629251126
0.1	1.5	2.48182854799
0.1	1.55	2.53736458472
0.1	1.6	2.59290062144
0.1	1.65	2.64843665817
0.1	1.7	2.7039726949
0.1	1.75	2.75950873163
0.1	1.8	2.81504476835
0.1	1.85	2.87058080508
0.1	1.9	2.92611684181
0.1	1.95	2.98165287853
0.15	0.0	0.935398163397
0.15	0.05	0.943512046406
0.15	0.1	0.965675727171
0.15	0.15	0.997530197753
0.15	0.2	1.05306623448
0.15	0.25	1.10860227121
0.15	0.3	1.16413830793
0.15	0.35	1.21967434466
0.15	0.4	1.27521038139
0.15	0.45	1.33074641812
0.15	0.5	1.38628245484
0.15	0.55	1.44181849157
0.15	0.6	1.4973545283
0.15	0.65	1.55289056502
0.15	0.7	1.60842660175
0.15	0.75	1.66396263848
0.15	0.8	1.7194986752
0.15	0.85	1.77503471193
0.15	0.9	1.83057074866
0.15	0.95	1.88610678539
0.15	1.0	1.94164282211
0.15	1.05	1.99717885884
0.15	1.1	2.05271489557
0.15	1.15	2.10825093229
0.15	1.2	2.16378696902
0.15	1.25	2.21932300575
0.15	1.3	2.27485904247
0.15	1.35	2.3303950792
0.15	1.4	2.38593111593
0.15	1.45	2.44146715265
0.15	1.5	2.49700318938
0.15	1.55	2.55253922611
0.15	1.6	2.60807526284
0.15	1.65	2.66361129956
0.15	1.7	2.71914733629
0.15	1.75	2.77468337302
0.15	1.8	2.83021940974
0.15	1.85	2.88575544647
0.15	1.9	2.9412914832
0.15	1.95	2.99682751992
0.2	0.0	0.985398163397
0.2	0.05	0.991553444678
0.2	0.1	1.00900496115
0.2	0.15	1.0353981634
0.2	0.2	1.06824087587
0.2	0.25	1.1237769126
0.2	0.3	1.17931294933
0.2	0.35	1.23484898605
0.2	0.4	1.29038502278
0.2	0.45	1.34592105951
0.2	0.5	1.40145709623
0.2	0.55	1.45699313296
0.2	0.6	1.51252916969
0.2	0.65	1.56806520641
0.2	0.7	1.62360124314
0.2	0.75	1.67913727987
0.2	0.8	1.7346733166
0.2	0.85	1.79020935332
0.2	0.9	1.84574539005
0.2	0.95	1.90128142678
0.2	1.0	1.9568174635
0.2	1.05	2.01235350023
0.2	1.1	2.06788953696
0.2	1.15	2.12342557368
0.2	1.2	2.17896161041
0.2	1.25	2.23449764714
0.2	1.3	2.29003368387
0.2	1.35	2.34556972059
0.2	1.4	2.40110575732
0.2	1.45	2.45664179405
0.2	1.5	2.51217783077
0.2	1.55	2.5677138675
0.2	1.6	2.62324990423
0.2	1.65	2.67878594095
0.2	1.7	2.73432197768
0.2	1.75	2.78985801441
0.2	1.8	2.84539405114
0.2	1.85	2.90093008786
0.2	1.9	2.95646612459
0.2	1.95	3.01200216132
0.25	0.0	1.0353981634
0.25	0.05	1.04034913908
0.25	0.1	1.05465640375
0.25	0.15	1.07694575814
0.25	0.2	1.10555437527
0.25	0.25	1.13895155399
0.25	0.3	1.19448759072
0.25	0.35	1.25002362744
0.25	0.4	1.30555966417
0.25	0.45	1.3610957009
0.25	0.5	1.41663173763
0.25	0.55	1.47216777435
0.25	0.6	1.52770381108
0.25	0.65	1.58323984781
0.25	0.7	1.63877588453
0.25	0.75	1.69431192126
0.25	0.8	1.74984795799
0.25	0.85	1.80538399471
0.25	0.9	1.86092003144
0.25	0.95	1.91645606817
0.25	1.0	1.9719921049
0.25	1.05	2.02752814162
0.25	1.1	2.08306417835
0.25	1.15	2.13860021508
0.25	1.2	2.1941362518
0.25	1.25	2.24967228853
0.25	1.3	2.30520832526
0.25	1.35	2.36074436198
0.25	1.4	2.41628039871
0.25	1.45	2.47181643544
0.25	1.5	2.52735247217
0.25	1.55	2.58288850889
0.25	1.6	2.63842454562
0.25	1.65	2.69396058235
0.25	1.7	2.74949661907
0.25	1.75	2.8050326558
0.25	1.8	2.86056869253
0.25	1.85	2.91610472925
0.25	1.9	2.97164076598
0.25	1.95	3.02717680271
0.3	0.0	1.0853981634
0.3	0.05	1.08953628991
0.3	0.1	1.10162592941
0.3	0.15	1.12080836002
0.3	0.2	1.14595329094
0.3	0.25	1.17591064719
0.3	0.3	1.20966223211
0.3	0.35	1.26519826884
0.3	0.4	1.32073430556
0.3	0.45	1.37627034229
0.3	0.5	1.43180637902
0.3	0.55	1.48734241574
0.3	0.6	1.54287845247
0.3	0.65	1.5984144892
0.3	0.7	1.65395052593
0.3	0.75	1.70948656265
0.3	0.8	1.76502259938
0.3	0.85	1.82055863611
0.3	0.9	1.87609467283
0.3	0.95	1.93163070956
0.3	1.0	1.98716674629
0.3	1.05	2.04270278301
0.3	1.1	2.09823881974
0.3	1.15	2.15377485647
0.3	1.2	2.2093108932
0.3	1.25	2.26484692992
0.3	1.3	2.32038296665
0.3	1.35	2.37591900338
0.3	1.4	2.4314550401
0.3	1.45	2.48699107683
0.3	1.5	2.54252711356
0.3	1.55	2.59806315028
0.3	1.6	2.65359918701
0.3	1.65	2.70913522374
0.3	1.7	2.76467126046
0.3	1.75	2.82020729719
0.3	1.8	2.87574333392
0.3	1.85	2.93127937065
0.3	1.9	2.98681540737
0.3	1.95	3.0423514441
0.35	0.0	1.1353981634
0.35	0.05	1.13895155399
0.35	0.1	1.14940365786
0.35	0.15	1.16618681869
0.35	0.2	1.18851105081
0.35	0.25	1.21551442675
0.35	0.3	1.24637538626
0.35	0.35	1.28037291023
0.35	0.4	1.33590894696
0.35	0.45	1.39144498368
0.35	0.5	1.44698102041
0.35	0.55	1.50251705714
0.35	0.6	1.55805309386
0.35	0.65	1.61358913059
0.35	0.7	1.66912516732
0.35	0.75	1.72466120404
0.35	0.8	1.78019724077
0.35	0.85	1.8357332775
0.35	0.9	1.89126931422
0.35	0.95	1.94680535095
0.35	1.0	2.00234138768
0.35	1.05	2.05787742441
0.35	1.1	2.11341346113
0.35	1.15	2.16894949786
0.35	1.2	2.22448553459
0.35	1.25	2.28002157131
0.35	1.3	2.33555760804
0.35	1.35	2.39109364477
0.35	1.4	2.44662968149
0.35	1.45	2.50216571822
0.35	1.5	2.55770175495
0.35	1.55	2.61323779168
0.35	1.6	2.6687738284
0.35	1.65	2.72430986513
0.35	1.7	2.77984590186
0.35	1.75	2.83538193858
0.35	1.8	2.89091797531
0.35	1.85	2.94645401204
0.35	1.9	3.00199004876
0.35	1.95	3.05752608549
0.4	0.0	1.1853981634
0.4	0.05	1.18851105081
0.4	0.1	1.19770872596
0.4	0.15	1.21259835066
0.4	0.2	1.2326117589
0.4	0.25	1.25709722
0.4	0.3	1.2853981634
0.4	0.35	1.31690545403
0.4	0.4	1.35108358835
0.4	0.45	1.40661962507
0.4	0.5	1.4621556618
0.4	0.55	1.51769169853
0.4	0.6	1.57322773525
0.4	0.65	1.62876377198
0.4	0.7	1.68429980871
0.4	0.75	1.73983584544
0.4	0.8	1.79537188216
0.4	0.85	1.85090791889
0.4	0.9	1.90644395562
0.4	0.95	1.96197999234
0.4	1.0	2.01751602907
0.4	1.05	2.0730520658
0.4	1.1	2.12858810252
0.4	1.15	2.18412413925
0.4	1.2	2.23966017598
0.4	1.25	2.29519621271
0.4	1.3	2.35073224943
0.4	1.35	2.40626828616
0.4	1.4	2.46180432289
0.4	1.45	2.51734035961
0.4	1.5	2.57287639634
0.4	1.55	2.62841243307
0.4	1.6	2.68394846979
0.4	1.65	2.73948450652
0.4	1.7	2.79502054325
0.4	1.75	2.85055657998
0.4	1.8	2.9060926167
0.4	1.85	2.96162865343
0.4	1.9	3.01716469016
0.4	1.95	3.07270072688
0.45	0.0	1.2353981634
0.45	0.05	1.2381674203
0.45	0.1	1.24637538626
0.45	0.15	1.25973981242
0.45	0.2	1.27784105349
0.45	0.25	1.30017967045
0.45	0.3	1.32623085472
0.45	0.35	1.35548587595
0.45	0.4	1.38747789234
0.45	0.45	1.42179426647
0.45	0.5	1.47733030319
0.45	0.55	1.53286633992
0.45	0.6	1.58840237665
0.45	0.65	1.64393841337
0.45	0.7	1.6994744501
0.45	0.75	1.75501048683
0.45	0.8	1.81054652355
0.45	0.85	1.86608256028
0.45	0.9	1.92161859701
0.45	0.95	1.97715463374
0.45	1.0	2.03269067046
0.45	1.05	2.08822670719
0.45	1.1	2.14376274392
0.45	1.15	2.19929878064
0.45	1.2	2.25483481737
0.45	1.25	2.3103708541
0.45	1.3	2.36590689082
0.45	1.35	2.42144292755
0.45	1.4	2.47697896428
0.45	1.45	2.532515001
0.45	1.5	2.58805103773
0.45	1.55	2.64358707446
0.45	1.6	2.69912311119
0.45	1.65	2.75465914791
0.45	1.7	2.81019518464
0.45	1.75	2.86573122137
0.45	1.8	2.92126725809
0.45	1.85	2.97680329482
0.45	1.9	3.03233933155
0.45	1.95	3.08787536827
0.5	0.0	1.2853981634
0.5	0.05	1.28789194445
0.5	0.1	1.29530011476
0.5	0.15	1.30741348884
0.5	0.2	1.32391464411
0.5	0.25	1.34441515777
0.5	0.3	1.36849335288
0.5	0.35	1.39572594418
0.5	0.4	1.42571058714
0.5	0.45	1.45807936575
0.5	0.5	1.49250494458
0.5	0.55	1.54804098131
0.5	0.6	1.60357701804
0.5	0.65	1.65911305476
0.5	0.7	1.71464909149
0.5	0.75	1.77018512822
0.5	0.8	1.82572116495
0.5	0.85	1.88125720167
0.5	0.9	1.9367932384
0.5	0.95	1.99232927513
0.5	1.0	2.04786531185
0.5	1.05	2.10340134858
0.5	1.1	2.15893738531
0.5	1.15	2.21447342203
0.5	1.2	2.27000945876
0.5	1.25	2.32554549549
0.5	1.3	2.38108153222
0.5	1.35	2.43661756894
0.5	1.4	2.49215360567
0.5	1.45	2.5476896424
0.5	1.5	2.60322567912
0.5	1.55	2.65876171585
0.5	1.6	2.71429775258
0.5	1.65	2.7698337893
0.5	1.7	2.82536982603
0.5	1.75	2.88090586276
0.5	1.8	2.93644189949
0.5	1.85	2.99197793621
0.5	1.9	3.04751397294
0.5	1.95	3.10305000967
0.55	0.0	1.3353981634
0.55	0.05	1.33766621426
0.55	0.1	1.34441515777
0.55	0.15	1.35548587595
0.55	0.2	1.37063315893
0.55	0.25	1.38955046208
0.55	0.3	1.4118963677
0.55	0.35	1.43731840392
0.55	0.4	1.46547168883
0.55	0.45	1.49603168358
0.55	0.5	1.52870160076
0.55	0.55	1.5632156227
0.55	0.6	1.61875165943
0.55	0.65	1.67428769616
0.55	0.7	1.72982373288
0.55	0.75	1.78535976961
0.55	0.8	1.84089580634
0.55	0.85	1.89643184306
0.55	0.9	1.95196787979
0.55	0.95	2.00750391652
0.55	1.0	2.06303995325
0.55	1.05	2.11857598997
0.55	1.1	2.1741120267
0.55	1.15	2.22964806343
0.55	1.2	2.28518410015
0.55	1.25	2.34072013688
0.55	1.3	2.39625617361
0.55	1.35	2.45179221033
0.55	1.4	2.50732824706
0.55	1.45	2.56286428379
0.55	1.5	2.61840032052
0.55	1.55	2.67393635724
0.55	1.6	2.72947239397
0.55	1.65	2.7850084307
0.55	1.7	2.84054446742
0.55	1.75	2.89608050415
0.55	1.8	2.95161654088
0.55	1.85	3.0071525776
0.55	1.9	3.06268861433
0.55	1.95	3.11822465106
0.6	0.0	1.3853981634
0.6	0.05	1.38747789234
0.6	0.1	1.39367441643
0.6	0.15	1.40386400724
0.6	0.2	1.41785369543
0.6	0.25	1.4353981634
0.6	0.3	1.45621855665
0.6	0.35	1.48002036287
0.6	0.4	1.50650841849
0.6	0.45	1.5353981634
0.6	0.5	1.56642313099
0.6	0.55	1.5993391932
0.6	0.6	1.63392630082
0.6	0.65	1.68946233755
0.6	0.7	1.74499837428
0.6	0.75	1.800534411
0.6	0.8	1.85607044773
0.6	0.85	1.91160648446
0.6	0.9	1.96714252118
0.6	0.95	2.02267855791
0.6	1.0	2.07821459464
0.6	1.05	2.13375063136
0.6	1.1	2.18928666809
0.6	1.15	2.24482270482
0.6	1.2	2.30035874155
0.6	1.25	2.35589477827
0.6	1.3	2.411430815
0.6	1.35	2.46696685173
0.6	1.4	2.52250288845
0.6	1.45	2.57803892518
0.6	1.5	2.63357496191
0.6	1.55	2.68911099863
0.6	1.6	2.74464703536
0.6	1.65	2.80018307209
0.6	1.7	2.85571910881
0.6	1.75	2.91125514554
0.6	1.8	2.96679118227
0.6	1.85	3.022327219
0.6	1.9	3.07786325572
0.6	1.95	3.13339929245
0.65	0.0	1.4353981634
0.65	0.05	1.43731840392
0.65	0.1	1.4430454853
0.65	0.15	1.4524813666
0.65	0.2	1.46547168883
0.65	0.25	1.48181757726
0.65	0.3	1.50128921656
0.65	0.35	1.52363931641
0.65	0.4	1.54861503952
0.65	0.45	1.57596757844
0.65	0.5	1.60545913674
0.65	0.55	1.63686748169
0.65	0.6	1.66998846405
0.65	0.65	1.70463697894
0.65	0.7	1.76017301567
0.65	0.75	1.81570905239
0.65	0.8	1.87124508912
0.65	0.85	1.92678112585
0.65	0.9	1.98231716257
0.65	0.95	2.0378531993
0.65	1.0	2.09338923603
0.65	1.05	2.14892527276
0.65	1.1	2.20446130948
0.65	1.15	2.25999734621
0.65	1.2	2.31553338294
0.65	1.25	2.37106941966
0.65	1.3	2.42660545639
0.65	1.35	2.48214149312
0.65	1.4	2.53767752984
0.65	1.45	2.59321356657
0.65	1.5	2.6487496033
0.65	1.55	2.70428564003
0.65	1.6	2.75982167675
0.65	1.65	2.81535771348
0.65	1.7	2.87089375021
0.65	1.75	2.92642978693
0.65	1.8	2.98196582366
0.65	1.85	3.03750186039
0.65	1.9	3.09303789711
0.65	1.95	3.14857393384
0.7	0.0	1.4853981634
0.7	0.05	1.48718160578
0.7	0.1	1.49250494458
0.7	0.15	1.50128921656
0.7	0.2	1.51340915233
0.7	0.25	1.52870160076
0.7	0.3	1.54697547398
0.7	0.35	1.56802195552
0.7	0.4	1.59162393823
0.7	0.45	1.61756401225
0.7	0.5	1.6456306901
0.7	0.55	1.67562285414
0.7	0.6	1.70735260913
0.7	0.65	1.74064682212
0.7	0.7	1.77534765706
0.7	0.75	1.83088369379
0.7	0.8	1.88641973051
0.7	0.85	1.94195576724
0.7	0.9	1.99749180397
0.7	0.95	2.05302784069
0.7	1.0	2.10856387742
0.7	1.05	2.16409991415
0.7	1.1	2.21963595087
0.7	1.15	2.2751719876
0.7	1.2	2.33070802433
0.7	1.25	2.38624406106
0.7	1.3	2.44178009778
0.7	1.35	2.49731613451
0.7	1.4	2.55285217124
0.7	1.45	2.60838820796
0.7	1.5	2.66392424469
0.7	1.55	2.71946028142
0.7	1.6	2.77499631814
0.7	1.65	2.83053235487
0.7	1.7	2.8860683916
0.7	1.75	2.94160442833
0.7	1.8	2.99714046505
0.7	1.85	3.05267650178
0.7	1.9	3.10821253851
0.7	1.95	3.16374857523
0.75	0.0	1.5353981634
0.75	0.05	1.53706298232
0.75	0.1	1.54203546092
0.75	0.15	1.55025109044
0.75	0.2	1.56160689821
0.75	0.25	1.57596757844
0.75	0.3	1.59317288447
0.75	0.35	1.61304543126
0.75	0.4	1.6353981634
0.75	0.45	1.66004094762
0.75	0.5	1.68678598226
0.75	0.55	1.71545192528
0.75	0.6	1.74586679901
0.75	0.65	1.77786982546
0.75	0.7	1.81131238983
0.75	0.75	1.84605833518
0.75	0.8	1.9015943719
0.75	0.85	1.95713040863
0.75	0.9	2.01266644536
0.75	0.95	2.06820248209
0.75	1.0	2.12373851881
0.75	1.05	2.17927455554
0.75	1.1	2.23481059227
0.75	1.15	2.29034662899
0.75	1.2	2.34588266572
0.75	1.25	2.40141870245
0.75	1.3	2.45695473917
0.75	1.35	2.5124907759
0.75	1.4	2.56802681263
0.75	1.45	2.62356284935
0.75	1.5	2.67909888608
0.75	1.55	2.73463492281
0.75	1.6	2.79017095954
0.75	1.65	2.84570699626
0.75	1.7	2.90124303299
0.75	1.75	2.95677906972
0.75	1.8	3.01231510644
0.75	1.85	3.06785114317
0.75	1.9	3.1233871799
0.75	1.95	3.17892321662
0.8	0.0	1.5853981634
0.8	0.05	1.58695914049
0.8	0.1	1.59162393823
0.8	0.15	1.5993391932
0.8	0.2	1.61001928852
0.8	0.25	1.62355089411
0.8	0.3	1.63979853793
0.8	0.35	1.65861062323
0.8	0.4	1.6798253544
0.8	0.45	1.70327615093
0.8	0.5	1.7287962766
0.8	0.55	1.75622255534
0.8	0.6	1.7853981634
0.8	0.65	1.8161745698
0.8	0.7	1.84841274467
0.8	0.75	1.88198377337
0.8	0.8	1.9167690133
0.8	0.85	1.97230505002
0.8	0.9	2.02784108675
0.8	0.95	2.08337712348
0.8	1.0	2.1389131602
0.8	1.05	2.19444919693
0.8	1.1	2.24998523366
0.8	1.15	2.30552127038
0.8	1.2	2.36105730711
0.8	1.25	2.41659334384
0.8	1.3	2.47212938057
0.8	1.35	2.52766541729
0.8	1.4	2.58320145402
0.8	1.45	2.63873749075
0.8	1.5	2.69427352747
0.8	1.55	2.7498095642
0.8	1.6	2.80534560093
0.8	1.65	2.86088163765
0.8	1.7	2.91641767438
0.8	1.75	2.97195371111
0.8	1.8	3.02748974784
0.8	1.85	3.08302578456
0.8	1.9	3.13856182129
0.8	1.95	3.19409785802
0.85	0.0	1.6353981634
0.85	0.05	1.63686748169
0.85	0.1	1.64126030183
0.85	0.15	1.64853198848
0.85	0.2	1.65861062323
0.85	0.25	1.67140042073
0.85	0.3	1.68678598226
0.85	0.35	1.70463697894
0.85	0.4	1.7248128748
0.85	0.45	1.74716736648
0.85	0.5	1.77155230956
0.85	0.55	1.79782099996
0.85	0.6	1.82583076573
0.85	0.65	1.85544489135
0.85	0.7	1.88653394067
0.85	0.75	1.91897656827
0.85	0.8	1.95265991639
0.85	0.85	1.98747969141
0.85	0.9	2.04301572814
0.85	0.95	2.09855176487
0.85	1.0	2.1540878016
0.85	1.05	2.20962383832
0.85	1.1	2.26515987505
0.85	1.15	2.32069591178
0.85	1.2	2.3762319485
0.85	1.25	2.43176798523
0.85	1.3	2.48730402196
0.85	1.35	2.54284005868
0.85	1.4	2.59837609541
0.85	1.45	2.65391213214
0.85	1.5	2.70944816887
0.85	1.55	2.76498420559
0.85	1.6	2.82052024232
0.85	1.65	2.87605627905
0.85	1.7	2.93159231577
0.85	1.75	2.9871283525
0.85	1.8	3.04266438923
0.85	1.85	3.09820042595
0.85	1.9	3.15373646268
0.85	1.95	3.20927249941
0.9	0.0	1.6853981634
0.9	0.05	1.68678598226
0.9	0.1	1.69093667721
0.9	0.15	1.69781254294
0.9	0.2	1.70735260913
0.9	0.25	1.71947524801
0.9	0.3	1.73408146145
0.9	0.35	1.75105855919
0.9	0.4	1.77028394358
0.9	0.45	1.79162875327
0.9	0.5	1.8149611775
0.9	0.55	1.84014931888
0.9	0.6	1.86706354604
0.9	0.65	1.89557832896
0.9	0.7	1.9255735885
0.9	0.75	1.95693561478
0.9	0.8	1.98955762128
0.9	0.85	2.02334000371
0.9	0.9	2.05819036953
0.9	0.95	2.11372640626
0.9	1.0	2.16926244299
0.9	1.05	2.22479847971
0.9	1.1	2.28033451644
0.9	1.15	2.33587055317
0.9	1.2	2.3914065899
0.9	1.25	2.44694262662
0.9	1.3	2.50247866335
0.9	1.35	2.55801470008
0.9	1.4	2.6135507368
0.9	1.45	2.66908677353
0.9	1.5	2.72462281026
0.9	1.55	2.78015884698
0.9	1.6	2.83569488371
0.9	1.65	2.89123092044
0.9	1.7	2.94676695716
0.9	1.75	3.00230299389
0.9	1.8	3.05783903062
0.9	1.85	3.11337506735
0.9	1.9	3.16891110407
0.9	1.95	3.2244471408
0.95	0.0	1.7353981634
0.95	0.05	1.73671304292
0.95	0.1	1.74064682212
0.95	0.15	1.74716736648
0.95	0.2	1.75622255534
0.95	0.25	1.76774229862
0.95	0.3	1.78164110566
0.95	0.35	1.79782099996
0.95	0.4	1.8161745698
0.95	0.45	1.83658796548
0.95	0.5	1.85894369108
0.95	0.55	1.8831230834
0.95	0.6	1.90900841611
0.95	0.65	1.93648460672
0.95	0.7	1.96544053552
0.95	0.75	1.99577000709
0.95	0.8	2.02737239823
0.95	0.85	2.0601530418
0.95	0.9	2.09402339623
0.95	0.95	2.12890104765
0.95	1.0	2.18443708438
0.95	1.05	2.23997312111
0.95	1.1	2.29550915783
0.95	1.15	2.35104519456
0.95	1.2	2.40658123129
0.95	1.25	2.46211726801
0.95	1.3	2.51765330474
0.95	1.35	2.57318934147
0.95	1.4	2.62872537819
0.95	1.45	2.68426141492
0.95	1.5	2.73979745165
0.95	1.55	2.79533348838
0.95	1.6	2.8508695251
0.95	1.65	2.90640556183
0.95	1.7	2.96194159856
0.95	1.75	3.01747763528
0.95	1.8	3.07301367201
0.95	1.85	3.12854970874
0.95	1.9	3.18408574546
0.95	1.95	3.23962178219
1.0	0.0	1.7853981634
1.0	0.05	1.78664738312
1.0	0.1	1.79038572551
1.0	0.15	1.79658558421
1.0	0.2	1.80520206612
1.0	0.25	1.8161745698
1.0	0.3	1.82942881429
1.0	0.35	1.84487916842
1.0	0.4	1.86243112482
1.0	0.45	1.88198377337
1.0	0.5	1.90343215215
1.0	0.55	1.92666938445
1.0	0.6	1.95158854237
1.0	0.65	1.97808420759
1.0	0.7	2.00605372497
1.0	0.75	2.0353981634
1.0	0.8	2.06602301088
1.0	0.85	2.09783863824
1.0	0.9	2.1307605681
1.0	0.95	2.16470958581
1.0	1.0	2.19961172577
1.0	1.05	2.2551477625
1.0	1.1	2.31068379922
1.0	1.15	2.36621983595
1.0	1.2	2.42175587268
1.0	1.25	2.47729190941
1.0	1.3	2.53282794613
1.0	1.35	2.58836398286
1.0	1.4	2.64390001959
1.0	1.45	2.69943605631
1.0	1.5	2.75497209304
1.0	1.55	2.81050812977
1.0	1.6	2.86604416649
1.0	1.65	2.92158020322
1.0	1.7	2.97711623995
1.0	1.75	3.03265227668
1.0	1.8	3.0881883134
1.0	1.85	3.14372435013
1.0	1.9	3.19926038686
1.0	1.95	3.25479642358
1.05	0.0	1.8353981634
1.05	0.05	1.83658796548
1.05	0.1	1.84014931888
1.05	0.15	1.84605833518
1.05	0.2	1.85427607972
1.05	0.25	1.86474982064
1.05	0.3	1.87741464679
1.05	0.35	1.89219534446
1.05	0.4	1.90900841611
1.05	0.45	1.92776412928
1.05	0.5	1.94836849836
1.05	0.55	1.97072512251
1.05	0.6	1.99473682564
1.05	0.65	2.02030706692
1.05	0.7	2.04734110981
1.05	0.75	2.07574695345
1.05	0.8	2.10543604164
1.05	0.85	2.13632377201
1.05	0.9	2.16832983199
1.05	0.95	2.20137838925
1.05	1.0	2.2353981634
1.05	1.05	2.27032240389
1.05	1.1	2.32585844062
1.05	1.15	2.38139447734
1.05	1.2	2.43693051407
1.05	1.25	2.4924665508
1.05	1.3	2.54800258752
1.05	1.35	2.60353862425
1.05	1.4	2.65907466098
1.05	1.45	2.71461069771
1.05	1.5	2.77014673443
1.05	1.55	2.82568277116
1.05	1.6	2.88121880789
1.05	1.65	2.93675484461
1.05	1.7	2.99229088134
1.05	1.75	3.04782691807
1.05	1.8	3.10336295479
1.05	1.85	3.15889899152
1.05	1.9	3.21443502825
1.05	1.95	3.26997106497
1.1	0.0	1.8853981634
1.1	0.05	1.88653394067
1.1	0.1	1.88993426512
1.1	0.15	1.89557832896
1.1	0.2	1.90343215215
1.1	0.25	1.91344958067
1.1	0.3	1.9255735885
1.1	0.35	1.93973780146
1.1	0.4	1.95586815447
1.1	0.45	1.9738845958
1.1	0.5	1.99370276076
1.1	0.55	2.01523555102
1.1	0.6	2.03839457201
1.1	0.65	2.06309139732
1.1	0.7	2.08923864444
1.1	0.75	2.11675085897
1.1	0.8	2.14554521427
1.1	0.85	2.17554204084
1.1	0.9	2.20666520375
1.1	0.95	2.23884234877
1.1	1.0	2.27200503813
1.1	1.05	2.30608879597
1.1	1.1	2.34103308201
1.1	1.15	2.39656911873
1.1	1.2	2.45210515546
1.1	1.25	2.50764119219
1.1	1.3	2.56317722892
1.1	1.35	2.61871326564
1.1	1.4	2.67424930237
1.1	1.45	2.7297853391
1.1	1.5	2.78532137582
1.1	1.55	2.84085741255
1.1	1.6	2.89639344928
1.1	1.65	2.951929486
1.1	1.7	3.00746552273
1.1	1.75	3.06300155946
1.1	1.8	3.11853759619
1.1	1.85	3.17407363291
1.1	1.9	3.22960966964
1.1	1.95	3.28514570637
1.15	0.0	1.9353981634
1.15	0.05	1.93648460672
1.15	0.1	1.93973780146
1.15	0.15	1.94513951387
1.15	0.2	1.95265991639
1.15	0.25	1.96225839299
1.15	0.3	1.9738845958
1.15	0.35	1.98747969141
1.15	0.4	2.00297772959
1.15	0.45	2.02030706692
1.15	0.5	2.0393917838
1.15	0.55	2.0601530418
1.15	0.6	2.0825103405
1.15	0.65	2.10638264476
1.15	0.7	2.13168936518
1.15	0.75	2.15835118517
1.15	0.8	2.18629073601
1.15	0.85	2.215433128
1.15	0.9	2.24570635005
1.15	0.95	2.27704155242
1.15	1.0	2.30937322881
1.15	1.05	2.34263931364
1.15	1.1	2.37678120968
1.15	1.15	2.41174376013
1.15	1.2	2.46727979685
1.15	1.25	2.52281583358
1.15	1.3	2.57835187031
1.15	1.35	2.63388790703
1.15	1.4	2.68942394376
1.15	1.45	2.74495998049
1.15	1.5	2.80049601722
1.15	1.55	2.85603205394
1.15	1.6	2.91156809067
1.15	1.65	2.9671041274
1.15	1.7	3.02264016412
1.15	1.75	3.07817620085
1.15	1.8	3.13371223758
1.15	1.85	3.1892482743
1.15	1.9	3.24478431103
1.15	1.95	3.30032034776
1.2	0.0	1.9853981634
1.2	0.05	1.98643937834
1.2	0.1	1.98955762128
1.2	0.15	1.99473682564
1.2	0.2	2.00195066946
1.2	0.25	2.01116323061
1.2	0.3	2.02232985108
1.2	0.35	2.0353981634
1.2	0.4	2.05030922746
1.2	0.45	2.0669987252
1.2	0.5	2.0853981634
1.2	0.55	2.10543604164
1.2	0.6	2.1270389499
1.2	0.65	2.15013256979
1.2	0.7	2.17464256234
1.2	0.75	2.20049533321
1.2	0.8	2.22761867358
1.2	0.85	2.25594228038
1.2	0.9	2.2853981634
1.2	0.95	2.3159209499
1.2	1.0	2.34744809858
1.2	1.05	2.37992003531
1.2	1.1	2.41328022301
1.2	1.15	2.44747517726
1.2	1.2	2.48245443825
1.2	1.25	2.53799047497
1.2	1.3	2.5935265117
1.2	1.35	2.64906254843
1.2	1.4	2.70459858515
1.2	1.45	2.76013462188
1.2	1.5	2.81567065861
1.2	1.55	2.87120669533
1.2	1.6	2.92674273206
1.2	1.65	2.98227876879
1.2	1.7	3.03781480551
1.2	1.75	3.09335084224
1.2	1.8	3.14888687897
1.2	1.85	3.2044229157
1.2	1.9	3.25995895242
1.2	1.95	3.31549498915
1.25	0.0	2.0353981634
1.25	0.05	2.03639776372
1.25	0.1	2.0393917838
1.25	0.15	2.0443659946
1.25	0.2	2.05129705351
1.25	0.25	2.0601530418
1.25	0.3	2.07089417662
1.25	0.35	2.08347366197
1.25	0.4	2.09783863824
1.25	0.45	2.11393118896
1.25	0.5	2.13168936518
1.25	0.55	2.15104819177
1.25	0.6	2.17194062578
1.25	0.65	2.19429844376
1.25	0.7	2.21805304159
1.25	0.75	2.24313613711
1.25	0.8	2.26948037136
1.25	0.85	2.29701980918
1.25	0.9	2.32569034347
1.25	0.95	2.35543001021
1.25	1.0	2.38617922276
1.25	1.05	2.41788093513
1.25	1.1	2.45048074393
1.25	1.15	2.48392693854
1.25	1.2	2.51817050851
1.25	1.25	2.55316511636
1.25	1.3	2.60870115309
1.25	1.35	2.66423718982
1.25	1.4	2.71977322654
1.25	1.45	2.77530926327
1.25	1.5	2.8308453
1.25	1.55	2.88638133673
1.25	1.6	2.94191737345
1.25	1.65	2.99745341018
1.25	1.7	3.05298944691
1.25	1.75	3.10852548363
1.25	1.8	3.16406152036
1.25	1.85	3.21959755709
1.25	1.9	3.27513359381
1.25	1.95	3.33066963054
1.3	0.0	2.0853981634
1.3	0.05	2.08635934652
1.3	0.1	2.08923864444
1.3	0.15	2.09402339623
1.3	0.2	2.10069280719
1.3	0.25	2.10921839288
1.3	0.3	2.11956456981
1.3	0.35	2.13168936518
1.3	0.4	2.14554521427
1.3	0.45	2.16107981262
1.3	0.5	2.17823699112
1.3	0.55	2.19695758475
1.3	0.6	2.21718026973
1.3	0.65	2.23884234877
1.3	0.7	2.26188046942
1.3	0.75	2.28623126538
1.3	0.8	2.31183191564
1.3	0.85	2.3386206201
1.3	0.9	2.36653699348
1.3	0.95	2.39552238221
1.3	1.0	2.42552011008
1.3	1.05	2.4564756601
1.3	1.1	2.48833679999
1.3	1.15	2.52105365917
1.3	1.2	2.55457876469
1.3	1.25	2.58886704308
1.3	1.3	2.62387579448
1.3	1.35	2.67941183121
1.3	1.4	2.73494786794
1.3	1.45	2.79048390466
1.3	1.5	2.84601994139
1.3	1.55	2.90155597812
1.3	1.6	2.95709201484
1.3	1.65	3.01262805157
1.3	1.7	3.0681640883
1.3	1.75	3.12370012503
1.3	1.8	3.17923616175
1.3	1.85	3.23477219848
1.3	1.9	3.29030823521
1.3	1.95	3.34584427193
1.35	0.0	2.1353981634
1.35	0.05	2.13632377201
1.35	0.1	2.13909680047
1.35	0.15	2.14370593412
1.35	0.2	2.15013256979
1.35	0.25	2.15835118517
1.35	0.3	2.16832983199
1.35	0.35	2.1800307315
1.35	0.4	2.19341094743
1.35	0.45	2.20842311047
1.35	0.5	2.22501616829
1.35	0.55	2.24313613711
1.35	0.6	2.26272683367
1.35	0.65	2.28373056977
1.35	0.7	2.30608879597
1.35	0.75	2.32974268455
1.35	0.8	2.35463364604
1.35	0.85	2.38070377675
1.35	0.9	2.40789623736
1.35	0.95	2.43615556532
1.35	1.0	2.46542792504
1.35	1.05	2.49566130105
1.35	1.1	2.52680564012
1.35	1.15	2.55881294849
1.35	1.2	2.59163735022
1.35	1.25	2.62523511269
1.35	1.3	2.6595646448
1.35	1.35	2.6945864726
1.35	1.4	2.75012250933
1.35	1.45	2.80565854606
1.35	1.5	2.86119458278
1.35	1.55	2.91673061951
1.35	1.6	2.97226665624
1.35	1.65	3.02780269296
1.35	1.7	3.08333872969
1.35	1.75	3.13887476642
1.35	1.8	3.19441080314
1.35	1.85	3.24994683987
1.35	1.9	3.3054828766
1.35	1.95	3.36101891332
1.4	0.0	2.1853981634
1.4	0.05	2.18629073601
1.4	0.1	2.18896504816
1.4	0.15	2.19341094743
1.4	0.2	2.19961172577
1.4	0.25	2.20754442873
1.4	0.3	2.21718026973
1.4	0.35	2.22848513236
1.4	0.4	2.24142014125
1.4	0.45	2.25594228038
1.4	0.5	2.27200503813
1.4	0.55	2.28955905905
1.4	0.6	2.30855278457
1.4	0.65	2.32893306744
1.4	0.7	2.35064574765
1.4	0.75	2.37363618082
1.4	0.8	2.39784971306
1.4	0.85	2.42323209881
1.4	0.9	2.44972986111
1.4	0.95	2.47729059497
1.4	1.0	2.50586321681
1.4	1.05	2.5353981634
1.4	1.1	2.56584754487
1.4	1.15	2.5971652566
1.4	1.2	2.62930705486
1.4	1.25	2.66223060131
1.4	1.3	2.69589548085
1.4	1.35	2.73026319728
1.4	1.4	2.76529715072
1.4	1.45	2.82083318745
1.4	1.5	2.87636922417
1.4	1.55	2.9319052609
1.4	1.6	2.98744129763
1.4	1.65	3.04297733435
1.4	1.7	3.09851337108
1.4	1.75	3.15404940781
1.4	1.8	3.20958544454
1.4	1.85	3.26512148126
1.4	1.9	3.32065751799
1.4	1.95	3.37619355472
1.45	0.0	2.2353981634
1.45	0.05	2.23625997625
1.45	0.1	2.23884234877
1.45	0.15	2.24313613711
1.45	0.2	2.24912628023
1.45	0.25	2.25679206035
1.45	0.3	2.26610745289
1.45	0.35	2.27704155242
1.45	0.4	2.28955905905
1.45	0.45	2.30362080847
1.45	0.5	2.31918432842
1.45	0.55	2.33620440532
1.45	0.6	2.35463364604
1.45	0.65	2.3744230216
1.45	0.7	2.39552238221
1.45	0.75	2.41788093513
1.45	0.8	2.44144767957
1.45	0.85	2.46617179479
1.45	0.9	2.49200297999
1.45	0.95	2.51889174573
1.45	1.0	2.54678965878
1.45	1.05	2.57564954239
1.45	1.1	2.60542563572
1.45	1.15	2.63607371573
1.45	1.2	2.66755118587
1.45	1.25	2.69981713531
1.45	1.3	2.73283237281
1.45	1.35	2.76655943901
1.45	1.4	2.80096260047
1.45	1.45	2.83600782884
1.45	1.5	2.89154386557
1.45	1.55	2.94707990229
1.45	1.6	3.00261593902
1.45	1.65	3.05815197575
1.45	1.7	3.11368801247
1.45	1.75	3.1692240492
1.45	1.8	3.22476008593
1.45	1.85	3.28029612265
1.45	1.9	3.33583215938
1.45	1.95	3.39136819611
1.5	0.0	2.2853981634
1.5	0.05	2.28623126538
1.5	0.1	2.28872780123
1.5	0.15	2.29287950657
1.5	0.2	2.29867275844
1.5	0.25	2.30608879597
1.5	0.3	2.31510401748
1.5	0.35	2.32569034347
1.5	0.4	2.33781563302
1.5	0.45	2.35144413973
1.5	0.5	2.36653699348
1.5	0.55	2.38305269426
1.5	0.6	2.40094760554
1.5	0.65	2.42017643582
1.5	0.7	2.44069269912
1.5	0.75	2.46244914652
1.5	0.8	2.4853981634
1.5	0.85	2.50949212835
1.5	0.9	2.53468373185
1.5	0.95	2.56092625385
1.5	1.0	2.58817380113
1.5	1.05	2.61638150576
1.5	1.1	2.64550568717
1.5	1.15	2.67550398054
1.5	1.2	2.70633543463
1.5	1.25	2.73796058237
1.5	1.3	2.77034148753
1.5	1.35	2.80344177046
1.5	1.4	2.83722661627
1.5	1.45	2.8716627679
1.5	1.5	2.90671850696
1.5	1.55	2.96225454368
1.5	1.6	3.01779058041
1.5	1.65	3.07332661714
1.5	1.7	3.12886265387
1.5	1.75	3.18439869059
1.5	1.8	3.23993472732
1.5	1.85	3.29547076405
1.5	1.9	3.35100680077
1.5	1.95	3.4065428375
1.55	0.0	2.3353981634
1.55	0.05	2.33620440532
1.55	0.1	2.3386206201
1.55	0.15	2.34263931364
1.55	0.2	2.34824812421
1.55	0.25	2.35543001021
1.55	0.3	2.36416350378
1.55	0.35	2.3744230216
1.55	0.4	2.38617922276
1.55	0.45	2.39939940255
1.55	0.5	2.41404791089
1.55	0.55	2.43008658374
1.55	0.6	2.44747517726
1.55	0.65	2.46617179479
1.55	0.7	2.48613329857
1.55	0.75	2.50731569917
1.55	0.8	2.52967451765
1.55	0.85	2.55316511636
1.55	0.9	2.57774299629
1.55	0.95	2.60336405967
1.55	1.0	2.62998483797
1.55	1.05	2.65756268608
1.55	1.1	2.68605594427
1.55	1.15	2.71542406996
1.55	1.2	2.74562774179
1.55	1.25	2.77662893857
1.55	1.3	2.80839099581
1.55	1.35	2.84087864251
1.55	1.4	2.87405802082
1.55	1.45	2.90789669108
1.55	1.5	2.94236362441
1.55	1.55	2.97742918508
1.55	1.6	3.0329652218
1.55	1.65	3.08850125853
1.55	1.7	3.14403729526
1.55	1.75	3.19957333198
1.55	1.8	3.25510936871
1.55	1.85	3.31064540544
1.55	1.9	3.36618144216
1.55	1.95	3.42171747889
1.6	0.0	2.3853981634
1.6	0.05	2.38617922276
1.6	0.1	2.38852011759
1.6	0.15	2.3924140314
1.6	0.2	2.39784971306
1.6	0.25	2.40481163747
1.6	0.3	2.41328022301
1.6	0.35	2.42323209881
1.6	0.4	2.43464041364
1.6	0.45	2.44747517726
1.6	0.5	2.46170362482
1.6	0.55	2.47729059497
1.6	0.6	2.49419891246
1.6	0.65	2.51238976731
1.6	0.7	2.53182308305
1.6	0.75	2.5524578681
1.6	0.8	2.5742525454
1.6	0.85	2.5971652566
1.6	0.9	2.62115413847
1.6	0.95	2.64617756999
1.6	1.0	2.67219438981
1.6	1.05	2.6991640843
1.6	1.1	2.72704694729
1.6	1.15	2.75580421292
1.6	1.2	2.7853981634
1.6	1.25	2.81579221382
1.6	1.3	2.84695097621
1.6	1.35	2.87884030494
1.6	1.4	2.91142732594
1.6	1.45	2.94468045157
1.6	1.5	2.97856938334
1.6	1.55	3.01306510439
1.6	1.6	3.04813986319
1.6	1.65	3.10367589992
1.6	1.7	3.15921193665
1.6	1.75	3.21474797338
1.6	1.8	3.2702840101
1.6	1.85	3.32582004683
1.6	1.9	3.38135608356
1.6	1.95	3.43689212028
1.65	0.0	2.4353981634
1.65	0.05	2.43615556532
1.65	0.1	2.43842568888
1.65	0.15	2.44220231598
1.65	0.2	2.44747517726
1.65	0.25	2.45423009023
1.65	0.3	2.46244914652
1.65	0.35	2.47211094274
1.65	0.4	2.48319084803
1.65	0.45	2.49566130105
1.65	0.5	2.50949212835
1.65	0.55	2.52465087649
1.65	0.6	2.54110315001
1.65	0.65	2.55881294849
1.65	0.7	2.57774299629
1.65	0.75	2.59785505944
1.65	0.8	2.61911024549
1.65	0.85	2.64146928272
1.65	0.9	2.66489277632
1.65	0.95	2.68934143986
1.65	1.0	2.71477630155
1.65	1.05	2.74115888496
1.65	1.1	2.7684513649
1.65	1.15	2.79661669951
1.65	1.2	2.82561873971
1.65	1.25	2.85542231785
1.65	1.3	2.88599331716
1.65	1.35	2.91729872393
1.65	1.4	2.94930666424
1.65	1.45	2.98198642705
1.65	1.5	3.0153084755
1.65	1.55	3.04924444793
1.65	1.6	3.08376715031
1.65	1.65	3.11885054131
1.65	1.7	3.17438657804
1.65	1.75	3.22992261477
1.65	1.8	3.28545865149
1.65	1.85	3.34099468822
1.65	1.9	3.39653072495
1.65	1.95	3.45206676167
1.7	0.0	2.4853981634
1.7	0.05	2.48613329857
1.7	0.1	2.48833679999
1.7	0.15	2.49200297999
1.7	0.2	2.49712244026
1.7	0.25	2.50368219114
1.7	0.3	2.51166581356
1.7	0.35	2.52105365917
1.7	0.4	2.53182308305
1.7	0.45	2.5439487029
1.7	0.5	2.55740267806
1.7	0.55	2.57215500192
1.7	0.6	2.58817380113
1.7	0.65	2.60542563572
1.7	0.7	2.62387579448
1.7	0.75	2.643488581
1.7	0.8	2.6642275862
1.7	0.85	2.68605594427
1.7	0.9	2.70893656956
1.7	0.95	2.73283237281
1.7	1.0	2.75770645573
1.7	1.05	2.78352228367
1.7	1.1	2.81024383653
1.7	1.15	2.83783573857
1.7	1.2	2.86626336807
1.7	1.25	2.895492948
1.7	1.3	2.9254916193
1.7	1.35	2.95622749801
1.7	1.4	2.98766971795
1.7	1.45	3.01978846055
1.7	1.5	3.05255497315
1.7	1.55	3.08594157746
1.7	1.6	3.11992166938
1.7	1.65	3.15446971149
1.7	1.7	3.18956121943
1.7	1.75	3.24509725616
1.7	1.8	3.30063329289
1.7	1.85	3.35616932961
1.7	1.9	3.41170536634
1.7	1.95	3.46724140307
1.75	0.0	2.5353981634
1.75	0.05	2.5361123034
1.75	0.1	2.53825297769
1.75	0.15	2.54181497042
1.75	0.2	2.54678965878
1.75	0.25	2.55316511636
1.75	0.3	2.56092625385
1.75	0.35	2.57005499315
1.75	0.4	2.5805304705
1.75	0.45	2.59232926336
1.75	0.5	2.60542563572
1.75	0.55	2.61979179618
1.75	0.6	2.6353981634
1.75	0.65	2.65221363366
1.75	0.7	2.67020584589
1.75	0.75	2.68934143986
1.75	0.8	2.70958630389
1.75	0.85	2.73090580923
1.75	0.9	2.75326502881
1.75	0.95	2.77662893857
1.75	1.0	2.80096260047
1.75	1.05	2.82623132659
1.75	1.1	2.85240082426
1.75	1.15	2.87943732253
1.75	1.2	2.90730768079
1.75	1.25	2.93597948016
1.75	1.3	2.96542109906
1.75	1.35	2.99560177393
1.75	1.4	3.0264916465
1.75	1.45	3.05806179887
1.75	1.5	3.09028427772
1.75	1.55	3.12313210891
1.75	1.6	3.15657930367
1.75	1.65	3.19060085756
1.75	1.7	3.22517274315
1.75	1.75	3.26027189755
1.75	1.8	3.31580793428
1.75	1.85	3.371343971
1.75	1.9	3.42688000773
1.75	1.95	3.48241604446
1.8	0.0	2.5853981634
1.8	0.05	2.58609247393
1.8	0.1	2.58817380113
1.8	0.15	2.59163735022
1.8	0.2	2.59647519102
1.8	0.25	2.60267634794
1.8	0.3	2.61022692249
1.8	0.35	2.61911024549
1.8	0.4	2.62930705486
1.8	0.45	2.64079569493
1.8	0.5	2.65355233262
1.8	0.55	2.66755118587
1.8	0.6	2.6827647595
1.8	0.65	2.6991640843
1.8	0.7	2.71671895498
1.8	0.75	2.7353981634
1.8	0.8	2.75516972376
1.8	0.85	2.77600108714
1.8	0.9	2.79785934315
1.8	0.95	2.8207114071
1.8	1.0	2.84452419159
1.8	1.05	2.86926476181
1.8	1.1	2.89490047437
1.8	1.15	2.92139909973
1.8	1.2	2.94872892868
1.8	1.25	2.97685886348
1.8	1.3	3.00575849451
1.8	1.35	3.0353981634
1.8	1.4	3.0657490136
1.8	1.45	3.09678302966
1.8	1.5	3.12847306617
1.8	1.55	3.16079286744
1.8	1.6	3.19371707916
1.8	1.65	3.22722125281
1.8	1.7	3.26128184403
1.8	1.75	3.29587620552
1.8	1.8	3.33098257567
1.8	1.85	3.3865186124
1.8	1.9	3.44205464912
1.8	1.95	3.49759068585
1.85	0.0	2.6353981634
1.85	0.05	2.63607371573
1.85	0.1	2.63809889476
1.85	0.15	2.64146928272
1.85	0.2	2.64617756999
1.85	0.25	2.65221363366
1.85	0.3	2.6595646448
1.85	0.35	2.66821520177
1.85	0.4	2.67814748647
1.85	0.45	2.68934143986
1.85	0.5	2.70177495307
1.85	0.55	2.71542406996
1.85	0.6	2.73026319728
1.85	0.65	2.74626531851
1.85	0.7	2.76340220788
1.85	0.75	2.78164464117
1.85	0.8	2.80096260047
1.85	0.85	2.82132547055
1.85	0.9	2.84270222454
1.85	0.95	2.86506159771
1.85	1.0	2.88837224788
1.85	1.05	2.91260290202
1.85	1.1	2.9377224884
1.85	1.15	2.96370025448
1.85	1.2	2.99050587052
1.85	1.25	3.01810951957
1.85	1.3	3.04648197432
1.85	1.35	3.07559466152
1.85	1.4	3.10541971502
1.85	1.45	3.13593001811
1.85	1.5	3.16709923616
1.85	1.55	3.19890184063
1.85	1.6	3.23131312512
1.85	1.65	3.26430921465
1.85	1.7	3.29786706868
1.85	1.75	3.33196447905
1.85	1.8	3.36658006323
1.85	1.85	3.40169325379
1.85	1.9	3.45722929051
1.85	1.95	3.51276532724
1.9	0.0	2.6853981634
1.9	0.05	2.68605594427
1.9	0.1	2.68802792244
1.9	0.15	2.69131001865
1.9	0.2	2.69589548085
1.9	0.25	2.70177495307
1.9	0.3	2.70893656956
1.9	0.35	2.71736607203
1.9	0.4	2.72704694729
1.9	0.45	2.73796058237
1.9	0.5	2.75008643384
1.9	0.55	2.76340220788
1.9	0.6	2.77788404791
1.9	0.65	2.7935067262
1.9	0.7	2.81024383653
1.9	0.75	2.82806798498
1.9	0.8	2.84695097621
1.9	0.85	2.86686399305
1.9	0.9	2.88777776756
1.9	0.95	2.90966274202
1.9	1.0	2.93248921876
1.9	1.05	2.95622749801
1.9	1.1	2.98084800341
1.9	1.15	3.00632139485
1.9	1.2	3.03261866882
1.9	1.25	3.05971124651
1.9	1.3	3.08757105004
1.9	1.35	3.11617056756
1.9	1.4	3.14548290764
1.9	1.45	3.17548184394
1.9	1.5	3.20614185078
1.9	1.55	3.23743813045
1.9	1.6	3.26934663307
1.9	1.65	3.30184406983
1.9	1.7	3.33490792019
1.9	1.75	3.36851643402
1.9	1.8	3.40264862906
1.9	1.85	3.43728428463
1.9	1.9	3.47240393191
1.9	1.95	3.52793996863
1.95	0.0	2.7353981634
1.95	0.05	2.73603908371
1.95	0.1	2.73796058237
1.95	0.15	2.74115888496
1.95	0.2	2.74562774179
1.95	0.25	2.75135848853
1.95	0.3	2.75834012909
1.95	0.35	2.76655943901
1.95	0.4	2.77600108714
1.95	0.45	2.78664777302
1.95	0.5	2.79848037732
1.95	0.55	2.81147812233
1.95	0.6	2.82561873971
1.95	0.65	2.84087864251
1.95	0.7	2.85723309891
1.95	0.75	2.87465640498
1.95	0.8	2.89312205423
1.95	0.85	2.91260290202
1.95	0.9	2.93307132289
1.95	0.95	2.95449935975
1.95	1.0	2.97685886348
1.95	1.05	3.00012162243
1.95	1.1	3.02425948112
1.95	1.15	3.04924444793
1.95	1.2	3.07504879177
1.95	1.25	3.10164512778
1.95	1.3	3.12900649245
1.95	1.35	3.15710640852
1.95	1.4	3.18591894023
1.95	1.45	3.21541873944
1.95	1.5	3.24558108343
1.95	1.55	3.27638190481
1.95	1.6	3.30779781452
1.95	1.65	3.33980611829
1.95	1.7	3.37238482745
1.95	1.75	3.40551266471
1.95	1.8	3.43916906534
1.95	1.85	3.47333417454
1.95	1.9	3.50798884141
1.95	1.95	3.54311461002
