140	68	879	117.0
136.140032988	56.4200989633	997.372321708	140.367235016
69.0757024182	161.537841738	898.529879044	44.6978603526
252.620538002	106.290982921	875.62138386	112.34419386
30.3576333725	21.834792999	876.114674562	182.454386912
191.597729211	35.3565386626	776.857556461	148.081272883
134.106630282	109.288569301	129.543497552	72.5361302134
53.5413706581	101.36348876	104.264708253	113.019922038
226.701534685	85.4681278097	103.312191619	107.471105843
253.189142242	136.782173974	986.890311924	79.4438408904
273.747067851	23.7675822161	13.698580082	188.849137348
20.3399403966	139.134450814	1.50803930097	92.4694485451
5.89626667629	3.96080419896	20.8885572925	217.224047678
47.2114572342	167.580818655	995.519643047	55.0996062575
270.973883196	10.8681225417	993.728163595	203.198240335
45.5655048973	201.211300055	905.87681577	35.7606767316
248.789863376	179.073800817	787.515867459	43.2256711529
349.874883051	165.489279907	886.192508322	132.041855861
45.3675419277	200.077457092	831.084948897	31.9029932949
24.3888295818	182.992495349	786.582617701	57.917973183
2.49064919994	147.236221776	743.746499743	97.697328221
96.9982081177	164.37157787	779.856066597	33.9662834793
6.86566962997	193.506835733	939.362269254	62.7673945204
38.7198164485	32.2875218439	692.146646891	170.365277439
293.239043844	140.276605381	742.430659569	97.0981487278
181.467027495	116.402152392	650.94740656	69.6326639582
337.396221127	30.75237576	741.558974207	209.830849284
152.811080551	157.840692326	854.430853781	31.1132955581
146.424164497	73.7045815708	193.868398448	106.496077247
59.8778111331	148.886792322	208.815976089	61.821467409
9.00965155304	195.993391859	152.136306291	78.7609634007
57.1822626718	214.231141183	82.4193561709	32.2415214228
251.451127458	119.498817871	204.373028772	89.0785783247
289.479645701	169.172275831	135.506094704	74.9026858386
375.353267134	160.855311407	99.1768112246	149.850523745
384.225224134	6.58209123876	168.367998878	257.23221393
32.7317510168	232.549638566	8.18055271183	36.8896065771
16.9540943251	3.96080419896	239.833544739	204.885166662
22.9522446624	219.13164537	999.310145011	54.6400083644
472.862257467	47.5750996818	993.728163595	185.092224269
42.3456294398	232.202601334	884.545140863	35.2304232464
259.855981265	222.687324263	782.959230681	33.444133432
270.690430156	243.763566677	811.558886053	32.4900298023
428.267713259	268.637740707	920.575328588	72.8619777578
304.562462992	288.839756735	859.760263287	38.7987702988
298.11048987	288.24484088	900.982334945	30.2739177715
346.20796599	262.051429186	793.297276104	97.4455439231
353.959323614	247.178091161	992.387962952	93.1490606056
355.774317772	298.226561115	903.890812483	77.6092077947
475.432515005	183.196125439	842.730251107	146.628199001
22.0478130967	223.027031497	839.968655118	47.4368421613
20.5505474084	245.275669193	745.036492472	37.8602878433
25.7435715363	235.887988183	704.5071933	48.5238221307
46.636596223	202.799224063	673.72189412	37.2858897257
1.59483491819	212.630664343	668.498100076	72.1229110354
5.30041844675	239.958606921	780.273499951	48.6456504346
18.5026803875	251.691889521	913.402783718	52.5500173773
12.1002394381	176.346409194	601.326913562	83.2568420338
150.536652265	83.7821172855	571.502166143	102.491215608
224.395780292	152.923628653	606.737198454	46.8022150134
488.454918176	170.891166999	692.419398058	143.981961651
337.396221127	189.275343456	601.049980113	103.477799993
547.836035998	24.375411673	764.94117586	145.581841926
431.712755735	50.6084883092	552.92590499	222.075887887
68.2943370117	212.010736412	213.024239028	39.9805871099
50.9784991209	247.209612619	198.373172255	69.9870406728
0.657551551714	268.65666187	117.892696285	56.9698769926
85.1188000544	208.074209081	127.974671846	31.656576253
15.2355751888	224.01004822	76.6469822068	40.6147989552
188.40334401	152.793714748	261.045193668	32.101020963
398.705292471	310.697473988	106.96081967	58.9809163671
294.156862305	254.144797806	11.0700740699	35.5828165691
447.43826287	275.80165596	30.9883017438	78.4989447991
372.923269923	277.495177515	196.376699648	87.7823997833
486.405164278	262.455983262	119.260664963	69.6920373043
491.290570952	171.95569156	1.7401409943	133.890479826
573.979624602	69.8335580615	333.273608809	87.833956346
199.036726686	25.8224546099	348.746405483	160.023569658
351.907731621	222.860694978	307.58181278	115.682401422
587.746826722	77.4716382075	24.3021453613	76.4521093855
286.595128246	242.521489635	213.11512616	31.4960829894
506.316378522	234.006790588	192.307440915	96.239170014
27.2701975942	263.270876568	31.3921547579	39.5540727232
6.43436020935	227.480262025	36.3789597222	46.9648397055
5.62217293763	142.776841195	392.81448347	98.6355039219
37.5803171014	45.2132497515	441.51216744	159.446029003
6.36291988607	273.200555752	996.23804783	33.7768606331
26.1006614003	263.839163049	964.677560894	34.4995686484
639.506860815	30.531901612	77.0504652692	89.7452334115
622.658007002	103.542742365	896.607842468	34.9909774166
473.809622687	304.86425957	967.66980311	38.9843325977
480.79806691	256.421379393	972.494864173	87.6458292634
297.228944088	328.76669299	855.686086118	33.0525952259
431.720574964	310.058507908	776.794842794	33.8082038624
293.394466113	324.535006506	736.764515672	44.419255737
300.385029392	242.611395477	707.205698252	47.015474117
308.665522445	350.544331829	818.772505653	49.9970635464
420.279511962	294.972116284	735.686073682	50.3145331119
355.508519312	288.790519985	697.966604559	88.6855072402
299.052055778	304.197176991	45.1834127938	34.0072433516
419.244699808	316.396321342	992.387962952	38.8030448487
337.89024538	334.410230148	26.8217020253	65.4616411659
309.845586521	325.780749981	961.90938096	47.0243576374
344.794691838	341.879286185	993.406255371	51.7128837997
342.216118745	365.303966828	944.565409564	38.6223532873
328.966890119	370.001286766	882.271919215	49.0470852952
371.386967926	345.064511578	841.440211866	35.3379504068
408.44807932	319.774918112	848.224223574	34.3197175838
608.718923636	236.510688891	881.2352136	32.3986484708
573.943983615	293.688718609	856.04261173	56.432025173
610.136828328	209.757539334	785.812935618	30.925063171
569.197737315	235.488268651	945.511360178	54.3522074094
462.977716951	306.187256222	760.217214	31.5516837114
609.815044219	243.101590269	821.682385086	34.8220614137
4.32517156722	267.800020624	828.775407836	46.246128996
37.8718507468	278.220108876	759.301095221	32.9013078875
9.23219407015	282.675445441	737.162855367	48.4538215565
57.4969134774	230.41218859	743.337808974	32.019333479
46.5007483763	277.402341863	684.548369415	39.2475888648
1.59483491819	286.181189121	677.691915673	51.480247259
4.46219994166	267.110599789	618.319212165	41.5657419839
8.30450981712	290.026796427	787.283046482	36.2774887043
12.3963776674	286.294271602	871.676381797	74.1407185774
5.39933290033	288.506056271	951.464888324	45.8309320547
69.6441123715	188.068309236	539.520531523	43.8513658974
34.1551926585	214.702849577	528.449676834	63.8846642792
187.311261424	165.984184818	518.503464707	31.3426047009
222.57207488	154.060578374	543.390781707	47.2632579705
203.807945297	138.554010121	500.223675466	62.3556563245
106.260421803	177.44337403	585.125621669	30.7004302471
210.368658604	4.64946374025	538.691065892	187.885074848
112.191279097	164.931627943	517.99699428	40.8328873609
606.428887966	238.304864022	745.788574868	38.2223180539
553.192297156	297.827204214	660.685388755	40.2094652509
604.981825897	258.286347789	682.708822415	35.0541851549
621.422573855	122.045905729	657.142264919	40.5655237856
587.869396759	257.878835759	630.285348944	44.0247156916
525.957144368	300.273847359	748.672737346	34.3145663128
562.733730162	274.881503779	762.984269445	64.9636301178
444.46519749	304.431390511	653.142861731	36.185905937
549.487311146	251.342957732	586.999810202	81.0084361401
426.026085104	282.895838099	622.645996389	66.0842017232
576.607248028	287.252242403	692.419398058	61.4038509833
293.073378165	243.09593848	521.902046253	39.3945106039
349.538342692	267.647219016	531.508738419	86.6240577762
694.278232746	9.73119199821	775.924340616	105.538026005
645.441593177	32.3758671795	875.347461848	68.8033828293
650.163819079	42.6482300804	660.177016991	88.7655163313
460.91021106	221.622155214	411.109693411	112.833401462
653.371758428	30.4576698826	527.01770987	77.5276819936
339.464389293	211.040429948	426.58575095	92.1793542636
570.595884552	170.486557393	424.276269876	51.8325663003
585.392247252	201.848622818	491.941979785	41.1381245259
453.051835274	273.144603504	537.683705319	79.7107259601
594.575859988	203.397586113	534.456893168	32.7361845028
604.412768527	12.2307076887	415.405524433	119.182245575
276.043716346	206.277527698	511.161040764	40.2260476037
2.704209999	270.042046664	246.647461377	97.1803422887
368.362631853	361.900713781	93.6859056499	37.3301089461
338.939849124	320.389167504	114.229589807	73.7871255524
518.974592417	308.818423443	47.4966854853	31.2513410582
340.233405926	361.035941063	200.008906759	50.1836893937
289.342119433	309.754568933	190.511355754	35.0183535357
314.783633703	319.161916807	250.64036012	63.1581673559
444.721211512	287.64842178	249.318616173	51.5619145649
548.608235244	298.000595243	121.926510862	38.0384455007
553.440107901	253.378334647	95.5191224301	77.5885551574
594.416806441	134.072584645	81.715588925	45.2135391179
554.766066168	290.768797989	19.6434857987	55.9050253629
605.241627959	245.902654086	998.103405132	38.0534845053
619.823625766	195.807186268	38.8424660952	32.0187714445
577.03827265	142.476449197	280.511929984	59.4590198461
595.599701553	133.612785066	392.728820424	48.8619706883
652.770212617	57.7119291362	291.858043314	52.3685652982
523.333768999	136.939316736	364.927268561	105.523328976
240.85167819	175.659364165	303.446874688	40.3816612354
221.746157317	171.811651525	415.252595189	49.8527139293
396.906961031	330.467547916	291.929906898	33.4090719811
348.234302092	302.757787238	393.907406716	78.9741277593
411.037068651	317.467634227	345.030392899	36.5700306865
508.438268886	252.042858687	288.853452505	79.8323640548
600.232411091	260.698715634	203.181928897	49.0481784728
572.631092766	199.104309407	255.829956665	67.3814787257
572.738483084	300.42889515	221.067527427	45.1940520812
573.280338625	298.738618689	161.057592867	48.9506937089
5.84398101422	298.534858023	26.481980125	36.8099839839
20.3890192386	285.533512425	65.798046536	36.8405769163
2.42623096709	260.346921811	0.30579654188	44.1606298932
20.8465003302	221.435866057	331.9171739	37.1870234611
40.7025367521	203.234489471	465.214383257	43.0402223767
27.585881923	236.621779587	421.766645314	31.2923734915
632.455068157	104.072025052	131.450008636	42.418107495
691.017371758	12.3051054322	3.35081115092	79.8196174891
683.479235326	20.1173918594	156.895040039	91.952986563
698.458938332	96.319002609	52.2735051534	33.0664298545
700.320528899	94.8812480723	101.093078232	35.4645612272
667.895255711	11.6063050153	991.885280584	82.0482169561
541.64456873	314.187045678	940.916299938	37.3431502161
564.812675217	287.537900988	969.383212014	70.1880779283
315.986604394	364.316815219	744.622650726	61.7681147509
280.225630697	381.144215355	849.732387808	35.0875652992
274.285222516	385.561303978	801.582355689	39.2346226329
355.927202865	362.359751934	800.594936261	32.2829518958
320.563928398	400.36890676	809.848701188	35.2231851495
308.079834521	363.677917024	678.828714205	69.8744325294
370.880607172	351.986881187	634.770243357	45.5512788345
329.200912105	394.614896405	997.65036889	33.4722493532
337.322739384	383.783251754	72.7896876588	36.7402039085
292.890084969	380.378135943	47.1443551139	53.911488036
295.776396898	378.028144646	997.24173702	52.9854109471
295.004543789	366.375366866	938.774814348	46.916632258
327.283262958	398.295159845	926.159796617	34.9656281805
291.946960424	405.02013918	885.273535136	61.0606831028
607.212794602	265.503672792	899.685294264	39.2441029059
610.526975185	285.928690094	811.145303893	51.7565932659
624.502556531	322.777212616	859.505527683	58.6631625952
622.465086885	261.151037592	857.184284748	31.5815910962
534.471951032	310.957732864	895.514644313	30.0792910506
594.659748251	185.234299699	946.851466017	35.0208374522
2.8806073601	331.7558882	746.978943919	46.2301540444
5.53177853595	337.923876669	664.756243786	32.5930948951
32.0680339524	322.749027962	702.0704749	32.3896258656
30.3636013984	348.488507594	911.757111658	35.8115915569
4.82683513432	356.691017159	843.669074424	56.7871845601
0.198167336159	329.595264228	975.390249919	32.916543509
0.226531719055	332.474866311	933.360084189	44.2707720158
27.9157341136	268.986138919	491.636871418	93.0884492306
181.951767695	166.294543231	446.423853678	36.9714717715
242.764862289	180.877574261	471.366699916	41.3130141087
580.630445117	319.698191719	637.223783976	31.5252538277
637.171532036	159.747957134	669.073293845	34.9450390577
620.732547244	285.140312866	613.106883918	34.4226312127
624.173511666	280.043453281	647.864183531	32.6029751173
608.21462572	317.074623755	737.777989979	41.718586991
589.702051626	316.878090366	555.721678717	33.82677811
576.233251699	291.461868561	519.431118279	58.9849016739
495.391496907	299.488232404	627.571670881	32.2023386999
607.525589703	310.685467267	587.651925691	48.0456336806
544.690017156	243.667287347	504.486353572	83.5332734718
636.479530141	308.106632802	693.092120329	36.3972631826
702.268068475	7.03433089798	909.13617689	83.8092658494
719.261476939	39.5808616764	570.606292886	56.5031760186
683.276522116	94.254499085	563.900251753	36.9138977856
716.422857321	76.7483500829	512.651636705	36.4900791899
575.758838518	222.116097056	409.934731081	46.977044056
406.833522492	328.843595831	575.6064235	44.9339513115
407.200310887	327.593288714	497.563621481	31.5589269998
709.603451113	67.1636197057	390.86103183	38.9507991995
715.139089526	1.15807558885	367.424118668	92.9624493237
680.05138642	89.6283632067	360.875358046	35.0243236299
709.294408035	61.3242410751	451.109912351	40.6889210273
683.586434298	81.1583696533	475.950092375	43.6936356208
252.332711611	221.155020866	479.546367783	31.7744889601
19.5605029734	352.637882238	194.392953156	39.345187842
23.5628005499	346.114553378	306.7692812	44.1842975314
306.473171792	380.684425406	146.696267139	72.1252880549
318.042093949	389.507813034	237.69226672	50.1197185892
313.982683567	364.015124415	297.896418137	61.5692725047
369.659140546	345.93045673	273.393619056	34.6200450346
268.485021887	363.82645997	240.291258656	42.3893462908
435.508282129	309.759452298	297.225848962	42.6545053663
580.806045504	191.629552363	137.620564896	54.2535166108
609.961102639	290.82349366	53.8348888113	39.572753584
612.14903216	306.21636648	105.30394314	53.6182394927
610.115421577	253.378334647	39.642052609	30.4536679683
604.905129148	316.882893291	7.10872005366	47.301145296
610.341179268	100.505662774	250.402452768	46.1382160938
666.375230994	26.6754809633	249.342360886	89.4354021839
686.832707427	87.3589153595	322.135816478	31.5790483418
595.427670726	216.622050223	361.132852681	33.5965090455
564.499035346	235.735955968	354.635951975	68.516547831
219.260229305	180.104662465	267.249445675	30.6020588742
249.941350062	182.022134475	344.350398109	49.4797496636
383.465324957	340.351103853	323.161943659	30.1633837372
283.865943997	349.756905847	408.211486292	32.7404129743
328.466581627	378.53404902	414.4987822	44.2735901224
385.807499734	323.487827316	462.575664475	42.0609113921
300.82028097	314.439502587	458.500420997	35.3999969539
329.488003153	340.250385115	463.18720714	62.6173584805
552.342802823	302.993799306	335.468142858	36.5300825459
575.888000297	297.812319287	296.080209442	50.4646898229
616.139763202	155.595638971	223.770936344	30.5076777204
608.133468982	250.067397847	286.751381111	47.8763144379
610.94915405	310.557024804	195.286833762	50.1076870306
609.946475559	299.684735301	250.089761557	48.9248604785
2.03468443455	334.342245872	12.0066531223	34.6070442508
24.5484971271	244.215241577	389.494431859	34.2827049549
636.731627584	112.625143907	174.826539972	31.0430629431
612.1201151	143.047351745	125.095335805	30.1136113677
621.472022459	139.309296666	156.161861456	32.8516437323
761.514279006	53.6632910176	7.11064620414	35.5612544267
771.306842659	0.347099127811	13.6005308404	86.8953358485
768.837758199	22.5671344134	980.261245943	68.0471201773
736.18522413	48.352743004	84.4243054347	41.3329407468
766.034005381	25.0706780627	201.474615869	48.8888614133
727.004457013	75.9803205493	51.2030482029	30.979964324
584.09886388	337.681991513	921.167740355	35.2061222854
631.303453095	311.284607373	984.422792725	35.5178906255
611.487457266	342.181548265	962.552756104	35.5260023384
615.382271197	300.541511383	919.536038833	51.145649183
621.524361611	265.673154426	8.32979182671	38.5199893625
297.735004255	425.365270858	742.105188638	57.4256094395
277.123825907	419.62454466	824.646008234	62.5735507332
262.909614642	402.395248348	638.498160742	52.2933318014
336.088618187	429.031745578	668.32542033	33.9384844929
313.42191786	340.783274143	610.907940325	51.5395905305
330.07941688	414.045381898	632.513803975	36.8511314569
271.47270172	424.689805024	688.997362205	63.459803147
347.193376813	381.444077915	605.92041151	39.801461104
312.789119741	425.544812784	3.33137393938	32.1438913405
317.322579212	415.258913665	83.2815749625	35.5642625076
253.966511982	408.759907913	18.762583144	40.2892109726
268.879529459	413.683100038	85.0965235001	66.1108793577
273.508901623	422.563135196	973.913884828	53.4907474554
250.503427301	372.949395438	919.558423137	41.0029795704
258.233380797	458.161883339	881.273618909	74.2645638487
635.825386087	295.036118019	764.596227834	32.8789308885
608.963090723	335.451698084	790.293511055	31.8704095011
661.895834387	300.099409874	818.230663783	31.6148256589
634.81262421	365.048490101	901.776805169	38.1395114349
667.803765241	359.02938735	837.351420901	52.9854435843
666.471055178	341.590677527	899.062043649	52.4963561197
617.277992066	174.176491612	973.993358594	30.4665286449
596.624264455	197.512525974	981.721628638	30.3105387508
16.3730625247	372.233253694	769.466369193	48.4998590914
24.9143330485	366.64262054	722.007388139	36.9913017596
3.75868110975	340.536625697	699.562961438	49.4376202783
31.8865742116	317.252904775	782.678595428	32.4102612963
5.53177853595	359.979317103	638.105919929	49.5049674969
22.132409465	380.237390766	930.571264649	41.1967411341
12.3705120075	361.816176593	981.118412117	39.348145699
4.77854887269	303.639768854	998.292157601	31.8983827434
608.394597887	330.727786655	652.437018371	36.79386038
642.032519733	308.711860967	640.344601187	31.2475815388
623.908268201	344.812224418	707.850578737	34.1761605846
650.308830842	328.036656338	733.393176946	44.262300904
619.04335594	327.612713895	538.188460286	40.7542346885
613.480341194	325.217043416	484.899962392	45.1164476128
553.782243734	325.399438741	474.006985884	31.0371941749
645.196502282	331.404469186	613.268146245	42.0565295035
649.621934884	298.845870185	563.314976133	32.0697770265
631.016842764	353.100229739	575.253764353	30.5278892277
505.417298806	311.967667086	471.18991845	34.4132207149
537.991041493	304.702398946	444.939903233	45.5278427678
581.782536952	279.563274247	436.283978463	58.7880330984
655.738042024	327.365144685	666.026103629	35.5381960174
767.525329311	24.1643618674	856.114652461	50.8082768553
785.872905764	25.9449488562	905.154994162	56.6373078414
773.934744332	20.2029947525	578.21902632	65.0525816155
742.172371806	21.5794442806	519.875025679	67.8735494521
724.894861108	92.5346728629	546.38274096	36.5897653941
722.656175521	5.63387585219	618.13207304	70.1914571184
660.842006653	107.341299772	592.87816756	30.3024234488
736.910391358	82.83058675	480.639864772	41.9359006031
777.188341944	51.3255562673	315.936441129	63.6689124101
20.3467477421	374.652735762	229.380845365	41.3269184046
8.06034357234	378.992414199	164.684208037	44.6042235611
6.91803209272	325.903048823	344.814466245	36.0987657189
10.6958874378	377.209593399	275.1381198	51.3003864579
4.31527438545	367.177883898	343.085368303	59.4317853013
248.776314192	424.76741773	161.606691013	52.5337875221
327.021139556	436.362789671	191.106391017	34.4426850315
311.088010652	454.521847177	142.081428279	31.6242459236
270.360924908	403.432376215	322.072332574	38.4171328022
307.91539698	425.554745508	283.161579284	40.4225903392
244.64567784	400.15307947	231.209603781	35.0014908757
274.698870181	395.672432479	209.998748221	70.5120576856
610.146004163	179.347709204	184.018639054	30.5455762348
629.579124193	327.256962262	49.831210943	51.3869108461
625.932442782	255.906917711	124.600718011	42.2893194961
639.799539159	354.427506887	107.430905217	34.2948215059
628.266563283	338.015819777	147.993620168	41.2943002626
665.454228207	321.110465375	99.816643547	35.2467131152
637.08794244	353.026668219	997.701436168	34.1511776564
640.48665436	350.294813308	0.165983426858	38.6932093882
620.597181387	125.335983692	210.458023465	34.5993143883
755.540110313	16.6287339979	266.924168075	69.4407583852
614.250592769	285.487513392	359.342180379	47.8207748735
554.663837943	298.43533941	385.370943858	47.3613776801
199.598803589	192.761877723	345.021632062	30.1670193423
290.151178298	378.249968011	389.35578339	47.143823959
310.764920283	405.292374307	447.843772173	44.2688267245
333.590549761	390.489974665	370.091058375	33.3922225379
365.813956397	353.35154858	514.99635357	38.0431138011
330.156367199	381.020591884	513.314510544	39.3483899558
285.574962468	379.41607005	489.891083233	37.4868921559
279.337432798	371.893006887	437.514891363	32.9594210623
584.473143757	322.766316803	343.294764367	33.6361078959
611.516021259	336.223779388	293.296770304	30.645298883
599.739748068	149.217855308	196.437577788	51.4136061696
644.082702388	239.899937894	319.795625959	30.1919614218
646.974501265	340.06714965	218.664984614	50.8153193673
628.76741723	294.665817522	297.142115735	34.9415549453
840.244682706	22.9085740522	64.9905570571	74.2468837305
849.197771821	2.54120980841	970.815372569	115.951261569
768.747289272	29.7458486371	106.132348863	41.2640483457
780.465682954	22.0640785684	152.767704061	49.7505403724
812.482519536	9.90381629777	215.693548773	79.1325582252
665.737312896	325.23249995	979.192333008	30.7068423377
639.176166859	269.853845143	972.097138949	30.0950975695
308.450919993	483.707478768	745.677160551	41.6199730744
261.411525207	466.118442472	765.582559242	79.6970969243
322.274529405	465.594000612	705.89933186	31.9823922527
232.066169225	409.064101411	594.317009198	36.4730401088
311.276882771	469.469508706	662.627092259	30.0649206014
273.47584337	484.11634064	661.621092988	65.2595312171
219.757653673	446.696208449	655.437596982	48.5210949348
331.990332394	382.660321469	567.0006178	40.8820043741
361.864876496	346.536026944	588.213429133	53.0310953049
300.071690837	454.701844906	15.7386216509	34.9431671319
246.205971298	450.149458226	22.6428534858	67.1179166087
219.937886543	444.74221958	120.861570247	52.4215504775
281.425667043	465.958673302	126.916982112	54.7658835722
230.188138103	456.600877962	980.544613938	60.4135820383
301.48675171	464.529910327	950.778354948	35.1938028163
196.316989116	486.999654806	847.346828947	75.2904048431
300.701029418	510.005506331	844.872777234	35.0354662133
214.800864004	501.594400132	926.478891489	92.9485383201
274.603869898	529.782773157	860.810507532	61.8148123811
631.74840007	269.319744678	741.388768965	36.4841160205
641.546100875	326.182231865	779.215832292	39.7069432582
648.35905318	374.53099038	938.352163388	31.7621143994
659.398181673	392.560899642	885.971803943	35.8575212711
701.728955259	402.001294706	832.262642398	72.9431826589
19.1304625558	405.026488355	718.32674328	55.2116268041
36.5564676931	351.594265979	597.857674536	37.2274498901
35.1995891993	402.008715543	635.633602373	37.7684098019
54.9210029597	394.189983742	906.15422694	30.2280943502
55.4010395092	386.728830774	957.348454685	31.4743624859
4.29095781529	418.813502441	938.286486984	78.5234382046
0.0810771574785	388.193500173	10.4931588316	61.3710709948
51.0460554729	375.329318286	986.710056955	30.7823564108
651.200816355	361.040226023	690.516122478	42.4284876502
657.55364963	372.540543183	743.742918072	34.0289308854
688.146049307	354.56620032	731.21862416	38.2010648713
646.546256364	351.677751766	515.998620171	38.2627047457
640.481281612	356.268124897	461.949163037	37.3191987217
673.634421021	362.39860534	600.167531994	53.2682640243
619.313229533	311.79551611	400.960973681	56.5741567769
684.224974502	346.454326243	650.754758383	37.2414405564
787.380700481	70.7217839213	841.051957091	35.6588336472
804.310679041	27.5084845701	818.373839102	54.0172723858
814.081980467	70.9451394538	880.304142638	50.7702287422
781.918821264	35.1731390012	643.089651398	39.1674479715
798.603434651	71.3676857853	613.851579004	48.6464066844
829.433406812	24.0749944604	615.64835683	85.8667697621
757.866968487	32.9144307722	452.737028767	58.282074894
800.529303738	3.74815952374	485.833482052	99.7775002216
819.227843263	11.1969413717	346.510623907	93.6608366146
819.773966879	71.579694956	270.234794857	46.3727958561
33.2089465415	402.715714961	198.979284566	36.1558169056
0.0319907480219	410.445402847	215.837674035	69.2911671494
1.76509352932	362.205080751	121.666666076	45.7301675749
23.5721552396	408.22621311	131.870760279	49.7803649871
15.876110705	420.535097088	305.748530015	70.0556850033
6.1756102755	368.418107825	404.476452674	50.3371640668
42.4105344604	398.233802437	379.938391636	45.5289816938
234.769992398	461.784125327	199.123624389	64.2609881045
311.285450941	456.17810126	217.332538708	43.1146461291
312.460594066	464.836745296	173.633736428	33.7034448292
285.64117472	427.973383489	350.317642833	54.5021259987
236.638974437	417.595595413	304.874137834	34.6264651599
240.107107202	385.784315887	342.241544378	30.7796481063
264.031477445	412.47444402	283.191441013	42.6504933801
304.416440701	464.043264576	300.656360678	34.224141827
276.057290995	453.567907667	283.161579284	66.6376336282
653.149157994	372.391069541	33.7835283549	30.1923659754
669.255841053	322.564017257	14.4208077242	34.2995770906
667.345709442	352.804946401	77.6007589197	46.2978554957
306.610640901	348.210973272	522.192407345	43.3838981116
294.091825407	398.08338585	524.172652159	58.9314092069
260.808188418	405.362214294	473.379900532	37.0310578354
258.290056453	396.318357213	424.002995438	33.0105315705
614.670491216	336.570818499	330.353044028	37.5920848748
630.702179898	345.944766432	268.738487246	35.2267935552
668.715949579	356.010878414	173.249514803	50.2256939861
669.587293475	367.557210768	257.683135879	48.0440361069
696.581032202	358.105888173	216.861110762	39.6784962518
643.55455825	327.197527765	306.507305048	44.2699465371
894.889119114	57.2565055084	24.3975471542	73.6744512464
225.23729019	594.478593186	909.780609592	123.719122005
151.507543385	451.548518712	976.524772909	47.9344439072
190.385826299	551.212057402	3.66191391005	145.802427564
123.535224156	520.112066188	944.996557545	115.055326984
317.981400257	560.056674554	825.114414841	38.1135539688
668.030036328	357.962954408	773.919045201	49.5659641701
669.708794746	376.310135511	964.446291968	46.8415595124
684.025432075	411.09753973	907.950962904	39.9836471644
712.625114882	448.699121662	774.668655819	68.0005512614
753.119557527	446.688774939	863.543878562	67.9538653789
672.279970318	446.910996741	884.534590669	32.4407256636
747.076667355	382.048301384	888.493805397	55.1547821082
744.80873641	386.464324455	772.939665076	59.4762863003
775.260580819	390.141355099	823.960684674	62.3084686242
696.226605019	476.676047965	835.406842536	36.554768026
6.41035636616	459.541229168	706.515216104	94.7198316712
62.7468756002	379.583580746	745.223531324	30.6164930695
37.7507354741	361.944586748	560.039194802	32.0234429297
8.98694546304	323.696535151	597.20125734	34.8058306179
26.7181829597	389.541935665	599.263143783	39.947127834
6.63956970141	350.943898632	572.493347977	38.4034310429
699.906941414	385.480545286	708.368890924	62.5411098264
676.700046773	362.446962627	540.408831454	52.4037379777
884.797914748	67.7228650662	305.811958847	70.2672623814
55.2798506195	422.610614412	175.043233665	38.6603785153
66.8359777059	427.146399587	234.296670431	34.5017008538
51.1160423074	458.94292015	204.844903446	68.271046872
3.78748209967	448.626231589	155.749812409	90.5905640795
26.2957837802	374.209461086	82.5219475909	34.3586899049
1.25966561362	342.493392039	78.1998653261	36.5978348389
42.5841724193	408.22621311	83.7069834241	34.6273258416
62.5545711197	475.402761085	307.386370731	81.4724559695
8.45399754003	446.512493166	372.547548499	102.519002103
14.1590161331	316.792083279	401.283090331	50.5024628967
34.5991771489	350.330383451	444.52784236	32.1674494178
1.26607031394	350.961965739	453.57185229	62.5145607778
178.959871084	455.804469472	234.337153314	39.9255701425
176.236533005	484.343896135	177.783300653	65.8014548271
262.406443461	520.895423434	187.608436447	75.1952536211
212.100101838	496.065423247	251.098495429	85.7245271578
248.258145618	470.340816472	350.317642833	79.3786341269
312.82478958	422.876455703	399.587944767	34.4483683939
682.169710456	363.428840104	23.114207597	52.5580930279
695.220100895	342.490077136	998.721487819	33.8091551787
676.466418516	390.946093437	105.792041512	41.6859486786
710.374925723	374.725490544	78.412630925	51.4780248046
689.736936911	347.778344316	120.098394729	33.7054191339
256.570363834	433.330819449	556.767053121	62.2761662901
285.65173458	358.696295324	569.889810805	31.8106712118
132.867871255	582.602525037	825.328569423	161.89456831
174.583754691	670.458896433	996.189581913	196.676033208
339.999678416	616.625720738	863.472979255	46.9807097003
306.805141527	651.878192275	833.247810806	90.5589940383
298.560213188	511.471510546	969.269018817	33.701059105
219.127651468	570.373274182	147.371039755	119.519402354
90.8938102931	476.300421821	83.2555267149	65.0514157537
203.058485784	696.94764148	24.7830130517	185.846802037
43.8456116638	559.832070028	20.9019391613	164.814540155
83.8745576816	434.019399938	876.315891211	43.7973820331
8.77455831062	537.113646313	929.411775764	171.36574086
324.320072901	544.769287589	788.573831363	33.8538782343
301.419003426	570.286390244	790.041103903	58.1759590981
709.600229117	369.827777426	937.020930838	62.1789746689
703.781690305	385.81885055	998.122991067	62.8444619228
703.823257589	447.470288929	914.857181107	42.1942863137
688.461440625	498.637381793	731.979497965	40.699974187
754.189633038	480.724242208	728.334438858	34.5372779591
776.483920548	476.339500233	782.293587839	39.0242295696
698.737752066	504.019649145	862.471427376	35.1986097316
724.325031798	499.027069267	821.357629146	31.1617023566
79.8246926596	473.921356896	645.210461054	71.8880572783
21.6526396678	524.865300461	636.836206725	140.568774501
79.6037424957	428.172635112	761.410255701	39.4318571272
22.0192768498	376.327634633	533.520450264	42.2012349991
22.7864702561	290.986550457	587.490480633	37.7571864557
3.43561569427	400.677076531	566.195149696	63.2180263404
748.78065468	420.645778002	685.124076078	91.313271335
695.475087807	337.89498589	495.637579758	30.0200212636
706.008703291	396.703833881	509.958279228	60.3711191994
724.360636333	373.96930296	563.977254863	51.5071829048
941.417480233	76.049271755	261.682003396	106.824354314
899.386659901	98.0225665373	369.777995286	68.6149578504
914.885695898	20.8213238631	351.82856531	128.265352292
48.712858174	360.36362102	107.576324855	32.6800378636
3.70171383467	402.183071495	77.1424071277	63.301716606
133.013870165	520.060063296	304.40921725	100.242438929
24.4396981574	543.391453396	337.26019008	159.67537572
31.4489691476	426.516865681	472.525685924	60.4982665553
91.0396926826	432.748210642	435.112469062	45.5700856665
7.3173323654	271.180858161	376.196916516	50.8489123184
109.614082606	483.378353376	165.23124478	68.2996074742
135.869549342	448.301946436	218.630843645	33.9570464535
301.153848199	518.742789838	254.340077939	49.1809102875
316.434639869	566.252427826	218.958130658	30.5830142081
256.930262917	565.897020311	279.548405344	97.9631053137
268.552132444	514.987587487	415.258400674	60.912128824
193.414436427	514.370273146	391.257313074	98.5739239408
293.086969129	458.616354938	417.216040995	41.4174695685
231.569968128	425.83900983	416.375012066	32.6712483989
715.586163533	405.562628766	13.9125755903	70.8718340479
727.352494789	339.761667358	42.4782580253	35.3461992616
698.840484642	414.385591284	135.09141382	46.9083702485
644.02973593	378.512031779	132.281998957	32.1250059869
688.083123029	426.570653945	83.3330794524	34.4264824983
748.803835562	375.985454801	115.581576507	48.3658282988
754.892144863	347.520523292	66.6650314298	32.6900258643
712.182652755	359.001202238	145.497494237	34.0698630008
197.91776275	459.623364762	556.767053121	65.4426944117
233.958196758	419.904845247	498.116744769	32.4007290214
281.782440924	465.418917563	507.106901278	52.3790767719
271.249470066	495.192767139	566.203621413	56.9531830064
293.409877263	391.015162131	588.130422663	58.4942215
29.7868413455	664.049264719	727.337960744	264.32292736
254.593326978	767.393570551	842.325019822	179.508852272
364.120311299	729.425825156	987.765734952	79.0495221287
69.8039600167	751.289023754	144.378148667	327.321842049
59.838260932	832.039285604	982.139113289	372.936055611
275.308410885	499.226980904	998.707698318	58.8805279924
331.536140398	611.989484419	753.470395093	37.3947304045
390.398803766	685.477826093	32.4295566428	52.2466964474
322.342821101	524.008143685	759.409367308	30.881687019
311.279595754	580.905489674	731.636057036	41.5304512805
292.044220144	614.816610831	750.667014121	72.9985320344
281.087431004	540.19566306	742.058592988	64.8993828232
760.810113497	407.761025114	944.607580376	90.0027436596
752.203627873	342.953528769	2.88580459803	32.6486435871
704.262030795	491.347609534	909.591902634	40.0874722004
809.154027629	470.956922126	634.812931955	40.5855411916
824.396934289	387.684835609	641.499299381	77.757044938
814.943817269	406.667645061	749.423487608	89.9181407393
706.108583171	480.081877604	627.21197903	38.4521680457
707.25989537	502.149490723	666.670405274	37.1149152235
767.145848738	457.376166117	601.332878191	58.9348375005
707.940789604	455.310452045	531.211228672	48.8711883892
701.66183524	380.185735288	449.971500124	69.9407779875
760.067120866	420.603344809	490.042020121	102.389570363
766.335123987	342.48843722	574.470876776	30.1601245747
53.8845393341	404.081295494	526.371054371	33.0975099133
124.740655659	437.704234609	468.317829642	39.8022435385
324.764961413	612.434778582	336.340245946	57.1872996732
275.406625286	609.008532506	367.824358886	90.0042540722
274.229307356	552.663384631	465.320761263	60.1772019219
300.879402398	486.1239536	460.862942216	31.7235754078
270.373399846	467.027545878	455.933372672	64.6978748701
200.964562287	610.005200701	421.457816512	149.812267964
175.150142304	447.705599595	464.314489568	39.6865403674
131.975887987	479.26253118	462.726644933	76.4180119178
784.249577197	415.033444444	36.4057628249	105.49631256
692.638793425	473.709364237	25.73394807	35.0901840101
727.681576221	425.577656673	172.972250521	69.9940889691
705.09936844	454.025188671	107.135066189	40.416774663
747.596563094	330.24151384	95.8473585042	30.3917490756
734.743771435	355.823579888	173.46057091	31.715468846
197.91776275	525.052388935	573.124309165	121.818954951
209.256894787	438.749137473	483.346894106	36.6790063641
304.953991379	462.424482529	601.780616133	30.9090335353
137.45985729	848.631577766	568.392080064	296.857058635
388.874202505	770.881385499	720.251496616	63.3011515622
392.166267369	881.321161812	810.081361918	75.7255554052
400.11909536	826.513413956	751.371414583	47.5220588288
390.769648057	695.049899978	746.576044063	57.7933406464
406.995438899	685.938195733	934.478076364	57.9870431178
407.545180743	736.467695876	55.8371519188	40.186457059
386.520543012	777.520440305	49.0369569915	44.3090686477
299.941755935	965.555247539	242.252843482	184.671856445
392.203595175	805.02229628	184.678103061	45.7179732627
391.870036144	811.208293731	110.673559305	41.0851206962
331.591321904	921.45080898	39.6632039117	131.10751643
387.924228843	775.759813663	225.947448366	63.2388621848
395.685113491	709.606550635	167.114043095	71.5907432421
366.695193952	751.289023754	286.885940956	76.1900923651
385.260732055	970.23238978	857.319535324	131.476266496
417.524116012	741.635168386	915.318678824	30.4940414737
433.3031441	680.430256642	65.2387580747	39.6345362607
423.898321015	716.744042192	3.39664169391	30.689794258
392.155105411	734.654272143	9.59763526256	49.2979987469
379.106747468	660.070699423	79.0092888706	31.4244369676
434.879566327	687.476961489	1.44295800495	41.7565681034
311.773845537	583.249210202	685.559250323	36.0027251299
356.555861312	640.321213154	722.161870349	32.795620059
700.31150491	485.421820707	951.072424427	31.4903474286
845.486715046	481.074885711	654.588951688	40.4220080919
830.060703305	489.730263549	602.812918165	30.0284247026
839.188708789	460.356446422	606.544996745	56.9636273465
904.031181548	387.684835609	637.075174533	129.287463602
790.394712443	361.640580577	574.218307217	51.0307462022
759.23108181	342.742868382	631.761873148	33.0118505271
851.807118498	353.347512926	814.592537996	58.2915572979
848.05370218	491.511725148	737.007280766	30.0222646112
903.045876408	430.940661355	759.312494246	105.761135225
823.104748653	479.374124666	693.780773625	36.3160991738
803.051054439	473.068904192	811.860492462	37.1210071186
825.292623446	437.714063592	835.318578877	76.2084466996
696.801869025	461.468449312	592.523317214	30.5366245853
729.694019541	506.373839459	607.49300764	30.2772492109
683.51363342	532.303474151	674.208901131	30.3599114952
677.830407364	476.476958634	664.478847656	30.9804416447
726.031182313	488.854582599	569.212045047	53.288604062
783.180715387	495.32535052	556.435251573	31.603905137
712.808632824	431.2138029	592.612090452	54.3683082559
656.254798554	377.886644823	394.218556346	42.7333352241
748.591418315	360.727127671	399.035733128	45.4539253024
677.286040423	332.028677236	402.408973653	39.7500303874
696.522940694	397.070674508	380.229359866	62.1787374769
823.080854357	354.809593665	439.075029798	43.4507821846
830.786049903	470.695919544	431.846234767	58.6379622048
813.223919001	478.592579138	558.662614076	42.7741695671
815.174654925	333.021728181	503.818903635	34.28498855
711.457523954	498.018628781	439.632067767	32.0505250617
701.61628396	506.098598791	503.128028383	34.7684031851
861.260046121	397.093877326	500.263527722	103.088815962
773.658848544	435.240590001	387.581303782	76.6423439239
746.353369325	340.490261753	599.590796922	30.201488902
66.2732189127	435.741254418	535.089014075	43.4027719179
355.837006412	639.756749185	294.017977758	38.143671585
372.199529283	647.463382547	331.231907868	37.4657130362
360.470796708	637.308506541	376.459162007	45.2614413055
334.438914105	669.340382653	323.25195701	75.8782493057
334.030527727	681.440613727	406.050178409	90.8376573902
302.933829846	575.186426412	528.401194685	43.1568557322
77.8365701165	520.908160311	501.248851879	121.174847749
748.482733881	491.152623808	103.353956723	36.4262810689
850.501235271	377.175354116	112.121943481	91.6618698399
853.092333529	450.187192358	961.704048507	87.9795557725
810.676140527	331.978531119	973.485373942	31.5582750141
888.886432718	393.004632755	25.3913569805	114.919932293
850.408984135	348.874037505	983.478237274	52.9394982995
720.27740084	485.402838436	986.294224679	45.5983693946
715.002903529	487.699706934	74.8761370846	47.4611620643
706.005515127	498.571466601	1.67384900767	38.970202574
715.399741719	474.704994683	224.146560949	49.6215146983
693.631114453	405.147379611	233.024883095	53.2447770778
778.462291243	460.108542888	135.394521405	52.6435122109
771.743280541	476.982978379	197.450975144	34.4675984321
763.746674673	364.203717202	162.215993088	41.9424347487
792.210229471	426.271513159	204.889648903	84.4339277679
705.621141211	493.827127486	166.767753175	42.4462178407
714.96137044	492.064339244	123.102117046	48.2667730421
717.127014564	333.708927646	191.82697701	31.326786673
344.343896277	802.65734688	357.676855169	87.1564750578
363.537663426	655.183558083	540.423691676	36.5566924266
395.178909779	711.718331131	632.821843186	68.0257340782
360.189505481	972.72381033	724.302833798	142.30738603
429.130890076	722.855863485	701.888797022	38.3433333303
418.452905348	742.418860122	771.037571308	31.2967883168
422.127987839	676.841831717	794.119333411	30.2794554106
413.629103856	681.649529337	692.974561501	36.1687880452
423.290912874	708.987584899	794.777204417	35.7334187817
357.049801357	686.932159105	697.86959883	65.5597637573
447.337705213	695.049899978	727.20342175	30.5683632931
443.827948169	680.103899946	769.742344112	37.2271564316
426.204743919	715.352444046	885.85452303	36.5255395309
446.71562159	682.243295018	979.278747539	37.639445389
393.006663062	649.101086029	889.247701158	34.1970544126
415.164421548	712.807948115	89.9232292026	48.5991140242
472.055442642	893.841211411	233.288588966	32.0864794778
402.567575736	878.546400316	371.650616275	59.3692490537
415.878063372	843.82212473	323.408258689	41.5454062893
483.45480809	959.438145801	275.896903044	67.1780513697
457.973809067	902.747636679	165.262868879	40.836675859
479.146738122	965.555247539	189.984723678	65.2206663069
402.242959596	838.008779378	151.691619964	34.0166252644
437.862375525	929.904188246	119.366494128	73.4717000725
419.64400643	813.634174961	268.556104826	31.0798862675
431.897250185	701.347642266	230.64410747	38.8428785703
382.99742681	692.68963506	237.601191321	56.6214999087
453.999552015	670.103221312	145.794786001	33.6893334006
404.933867348	767.565408139	122.720024581	34.0601615871
413.988814541	700.695848239	323.181045129	47.9526052906
495.950588654	963.226702653	931.579818865	69.9919262192
442.295844187	894.185573603	951.020076684	38.1063746951
515.445174368	965.637644757	828.219483513	54.8835907634
471.706387342	692.32985314	54.4209430769	31.6758689117
874.021857218	507.247223154	598.506577877	31.0812323702
854.766779711	489.287149563	557.585345276	39.1896932811
981.999432605	491.642503684	655.787554787	113.29069526
973.409747279	425.775028559	532.327143921	150.739445689
927.821887297	286.574336178	717.368806434	87.9241716023
846.846319346	299.563900411	558.32880691	34.2249543503
823.306683684	284.536866115	628.105785882	32.5795279831
955.80686666	275.782548433	591.980222985	92.8830990561
841.643276092	315.112105777	860.087832578	33.1666608434
887.191950742	323.122968717	852.92610626	58.34908159
868.343084003	306.840109942	779.970360219	34.4077666924
832.741254024	353.347512926	871.790131418	49.7347740528
963.731386445	487.633703626	827.982939814	113.534869294
701.94719714	518.180997927	619.004987146	33.452032301
666.761163245	557.721015106	663.233144809	33.6680347972
750.759077905	352.05648931	352.431051937	31.9305875676
673.7015214	303.710976952	371.940561956	32.432819237
658.067615778	342.746644827	366.928805077	53.6406669117
668.651969993	376.941640112	326.035805724	54.3629407293
732.119949316	407.062817279	327.770610318	80.5163199237
696.522940694	457.42283343	402.058864157	36.3581155109
820.237291008	361.065433032	394.14672889	45.8205136053
849.836230575	326.584141831	415.553819936	39.7524290656
872.284920419	488.815144699	391.51634652	55.7889333438
869.374621762	509.760893524	457.571949339	34.6140891273
854.716233121	428.818098913	395.09631054	100.371052458
823.046553656	496.273321517	518.717233144	30.9866418679
689.106191018	519.092742692	454.320086553	30.4968229984
891.498302079	313.938673441	443.566797801	58.5406609064
874.719860739	295.627582513	524.077045893	37.4274856674
843.85257595	500.450731464	492.647759523	32.5182854195
719.542628701	487.716924393	409.993071596	38.1690425213
724.975922956	491.106242315	361.24463912	33.5160738104
412.756703741	728.676319335	392.273097606	36.5742435538
371.65367726	653.850304069	486.312897413	34.0387111711
420.828495293	682.438291515	373.126811401	44.7209436511
422.597475743	661.759069723	425.731722413	31.2122855591
400.380117938	701.166167573	467.916688201	59.673192442
391.82835028	749.5311992	431.386210213	49.0977168701
328.580516737	609.226574467	513.479485948	31.864709133
316.840430894	607.449740843	556.770660822	45.0307828708
880.711782508	319.271805243	179.256492898	62.4849704968
878.636638156	429.929234527	184.218913376	101.163668269
782.305452376	329.999180783	991.299526967	36.2578760141
971.914416973	473.726284114	41.5356872523	117.600770159
974.973534958	329.020975685	71.9249257589	141.934124086
881.994200083	298.810786741	956.469030629	33.2078954958
961.302387005	314.291638965	978.163560707	112.588735902
850.263700276	477.36481151	96.5384956898	45.274324516
862.056134481	345.379892401	929.901345686	56.7793676184
690.44716142	518.019408735	34.204952212	31.2862354411
682.422847506	512.052320659	210.637953681	32.7344733563
692.868941061	505.747431145	258.693788624	32.7009134901
746.431184994	488.379867991	263.067354209	33.6399165226
690.707580502	450.012833466	262.164650441	42.9995492971
661.937715785	414.72910479	277.248230073	30.0119926845
732.830349484	367.58144604	243.233017218	43.0091596815
835.109353511	382.374735072	265.746545797	74.7905171521
789.667199482	450.006459718	287.961961858	61.1542011798
674.110982247	512.899065806	141.891311887	33.0323394978
351.707299871	636.152103668	509.047510074	31.9500736283
363.481777251	649.284585243	633.782362354	37.6078622299
464.677689939	953.72595861	626.599596383	61.5712059793
498.929302293	967.994044529	684.888118795	63.517131314
497.006444475	998.178124561	762.484305145	89.4357779477
449.908534842	703.17177897	673.4562305	35.9840183239
318.483120501	634.10108944	680.963656537	55.4897742418
449.999892262	685.95843727	893.203024724	34.2089977225
423.748139514	683.416586778	864.446970356	36.7368120823
372.864520959	632.545900739	914.356398848	30.3830642316
456.360031249	696.510783837	114.368975619	37.0119281826
394.966389152	930.668822609	403.14124641	96.3850390524
548.285822075	982.416226707	268.511091324	65.5942721302
529.315578935	936.276140323	322.220913999	31.4091842489
482.862698631	903.187747224	316.160346236	36.4891507208
504.900283999	958.723296604	341.663029165	58.5370335939
522.514778673	999.417964134	151.369345105	82.9449095383
473.592338678	938.638179239	53.4645620902	50.7183550593
428.208004842	698.580708259	271.225806239	41.0523904904
486.879336747	679.648965267	135.718722937	34.7535926874
458.93369621	955.568035251	992.849158083	68.4829082937
549.724061405	955.357413958	884.364086694	37.7099740234
523.92048471	984.204124695	994.512084992	84.2312119147
504.846619877	969.453924509	2.74806864845	67.6195018195
547.548450299	993.862933005	891.806467181	76.3657706237
570.73335617	957.923014738	817.29042432	41.4044860031
480.193283437	682.024336454	23.5043930191	31.8798784152
947.515521047	599.69209323	676.477901721	71.0416358997
973.039324069	587.96367044	593.066795039	67.9909126333
927.799505902	552.835969316	737.087444841	36.9359371072
878.31119806	275.089820723	794.7379366	37.2788996278
981.048810216	596.48608161	793.348092274	95.7065297357
939.411220118	563.512622568	911.644311981	57.3995834839
936.716492729	378.287705249	853.711410021	131.808548806
662.702996034	590.186352799	649.029559569	31.1460436022
671.31975349	284.656833674	343.359347038	31.1292324825
691.341408295	472.498150545	357.169093379	30.5105893596
791.88474991	358.275224958	357.043165711	39.3391953684
692.517524495	475.642626116	304.588703105	39.7925138924
835.169358253	327.841583413	363.162689357	39.6389360166
870.470581064	310.535202562	382.997400275	38.8921862601
915.710555243	521.384370817	371.691600187	61.9811491448
891.410133249	527.249394704	434.137357758	33.2368249206
891.571425094	350.258347602	340.783396054	81.1702895107
904.615658636	477.026018478	319.824295781	73.4189435505
954.781756577	446.289856977	382.389577403	137.658929832
686.967771305	541.902552966	477.367499019	30.3064759083
871.131134361	272.318808973	482.530075175	33.4215494476
939.285233664	277.129820734	438.400643035	82.5909974072
872.789088459	257.012136913	516.353956773	30.5427337835
860.152569622	265.521847538	544.956829827	36.93789005
694.420488377	499.492927671	380.945596845	31.0101559206
728.105213914	502.05876067	327.604761316	30.8880007005
695.849006544	507.324638953	348.99809472	31.257390538
434.838580816	707.781639953	416.01705145	31.2441226792
397.133984561	800.229482327	427.849120693	33.172234148
312.161336485	608.229589911	603.561604907	48.9120317625
346.681249264	635.964300619	579.317056924	37.8230252015
900.124224333	259.892571428	195.243209695	57.4442014607
842.731139131	306.249870371	229.716490528	33.0085065986
934.675802365	339.407633548	208.252085657	112.016138515
855.525318682	280.471036645	134.329287153	36.6280670914
954.708484595	479.203044152	233.492723001	100.197652471
854.634650235	497.363391067	258.510780751	31.3637143149
922.28999119	539.301418184	128.378432372	45.9913082146
914.26451605	576.37122966	20.4442600852	45.4490996597
975.586193865	561.848929521	960.756595629	90.0666087193
948.864608461	583.212874546	83.7936695243	77.3290078656
960.984688946	446.018596875	989.263562962	129.777968867
922.273860583	202.151389227	28.9844503423	45.8173017424
935.010821375	216.185078508	151.850352926	67.1349598977
986.93374375	197.458678977	14.781705977	110.309736751
997.488526165	197.683526977	126.336154509	118.627973871
883.938764511	235.806804552	946.769626941	31.4836813513
910.347663515	224.514269007	928.422044919	35.7289882337
981.344057574	225.926091458	908.017713716	101.9750882
657.18009115	530.082860913	226.264421901	32.799009902
676.667530918	536.512416159	186.657467897	36.3659051661
731.601173064	494.735587389	294.845951202	30.4349189929
764.944072721	346.012527448	220.226170719	30.8074263639
816.695155593	345.546339236	200.928569126	31.98051709
786.122322683	330.763399021	294.613903249	32.2480924161
443.927185445	914.029341317	581.489804004	49.4781572726
463.452217351	974.558992618	566.551439536	89.9191500548
456.609963704	680.808505493	844.103936334	30.9091871238
430.961740449	695.565809406	828.378965679	38.1232309026
463.428300986	995.103563159	374.145613163	103.098383989
597.586086933	993.986697031	223.738401811	79.2655799823
595.780793463	989.995211503	316.006062712	77.4023174654
467.312700117	891.525248339	282.939894866	30.9176527092
515.35353729	948.412076786	84.1190589439	40.7792931273
461.789644835	905.795900719	13.9511957462	30.8462749632
453.345411687	673.154365703	247.244142237	32.0289425202
401.557540828	996.463805577	991.018004188	130.231797485
602.088727878	974.320783605	29.5530215843	84.296158356
596.347211717	937.573218266	990.543497211	39.5166594107
580.939371607	946.672705472	941.823746467	37.2907547276
609.483316871	980.224458083	984.562918462	84.4650431876
514.173076986	995.878886317	66.4788588904	85.4928457351
605.6885469	941.395040951	888.970364907	42.135062869
602.028056814	982.019540285	836.73469103	73.4304425624
578.269063764	944.264544725	776.785996004	36.265070214
937.95681889	657.044306176	720.6868992	45.2465746811
978.057397838	647.686471043	630.665086535	58.2632030888
922.436910915	665.339043282	656.562534851	39.9951782745
989.798344262	657.424409542	691.114263603	94.3569828674
926.206752779	608.452920379	545.25854518	49.756478026
999.68822736	637.822908855	551.803977039	103.517348575
890.379220061	550.064096291	747.481968686	30.4408110458
903.108260097	244.857786186	798.474480195	33.6265775349
862.850898035	250.662546684	768.146220557	31.9169063949
981.048810216	674.140086654	852.647514308	92.5325932447
892.115525815	585.36942106	832.256404199	42.4907465432
917.122911684	603.944103105	866.862875585	46.9616616119
917.883857386	669.624448044	778.942050401	30.5445654294
889.467909015	532.137978414	918.687599444	34.1163497464
988.365641557	269.086647725	796.159501326	122.16259618
649.743404206	620.539081027	645.960182557	42.5253793523
899.897576774	239.843427647	521.775654436	41.5384184903
672.462314286	519.017985082	328.446153038	34.7742701399
452.251133064	679.728083552	412.147595395	35.1720479859
301.262253837	568.039222644	632.852889525	39.4816820949
378.728117853	659.465337584	581.880806411	32.8758395924
868.430552945	214.332918809	173.949024232	52.5761769632
921.463168447	226.359944963	239.445308217	62.6056155042
985.577881242	258.180911934	269.984394083	126.685424417
831.490826453	282.516525346	104.158328824	32.9068435561
963.791667707	576.522863204	263.33746751	83.1096801927
903.289868499	557.359340618	192.357830124	51.0065719115
982.776984437	540.018127143	156.304348436	111.740785678
839.877329614	484.911901794	285.719590645	32.502382911
942.760703556	611.991464043	7.38350747829	80.9654832685
927.296674009	624.135411655	913.166923887	51.811752924
931.453984861	637.504144957	989.127301417	37.9724281244
952.027663144	652.800077569	121.750325719	40.2030993856
996.449743254	642.191633162	107.251130338	86.3000959418
909.072607837	166.94804857	999.438789434	41.0328658474
910.582691872	211.244520447	983.518794241	39.7898143395
905.730266449	173.595180435	197.767586786	50.4525348129
974.083913882	94.6600400328	971.413530172	125.055185077
926.03624017	119.351011342	67.7360569162	71.9056352368
981.683323523	79.1445071603	110.530951867	139.51562373
642.113776732	550.941456368	195.011122755	30.9608337851
690.190316979	572.308026319	189.441570909	37.4951036758
651.645587518	953.055932302	178.946244183	69.6612695
661.003548149	959.480137252	261.042790761	75.8021393268
649.957885257	938.075498533	341.965919197	59.2514554285
668.988143609	998.442213443	345.570569502	117.011629231
462.273737691	890.563462212	41.850169003	30.3810514515
695.865302786	979.305500786	980.887089274	111.283065389
673.27441674	929.376479926	13.2226879683	61.2224115221
572.673494456	944.398518943	106.25914277	32.8839823294
642.896251146	917.717410976	890.661624191	33.8445621215
629.660214994	935.330721291	784.328873792	41.2570533364
609.10350052	968.654813284	762.835612323	71.9676278621
661.579981401	938.182706908	821.846709883	59.4976025684
673.693750706	996.720195442	855.110509977	114.860719312
902.320330392	695.513914067	677.73788277	31.4719118176
914.182305503	701.659307096	637.164212133	39.3518116474
974.030108188	740.470452864	644.86077112	89.7173260125
962.115252647	728.761607165	749.674649712	62.8483608953
981.676712937	663.039029048	450.93949627	113.906855428
982.604546648	734.035939299	925.767126627	77.3782273385
926.321397156	749.030230842	870.889985328	31.202543394
958.947719034	757.940057386	814.891483538	60.9699209749
919.957769542	700.733130382	788.274655102	31.5689577545
905.590577438	186.311583605	754.771969266	46.2071410173
619.320519038	649.947870023	632.100868203	34.7809382267
658.062626845	615.455111636	602.515353217	35.8947659436
646.462064087	639.40678671	686.156599011	36.0169273211
905.447443799	196.677795225	523.008958219	53.409918899
664.064432175	541.723370049	300.764245338	30.12580853
452.251133064	676.244930958	449.156091709	30.1823492844
275.308592881	576.82353866	663.997282672	66.860762223
395.333321261	675.431879322	555.69567796	40.3202052349
884.316282628	179.082090285	263.084235556	41.8284843451
991.698822682	155.349095743	347.108256227	135.605114105
892.635480871	253.074186639	358.841414219	35.9312291794
803.68536691	299.933131872	92.2417033055	33.4195118024
940.672482687	641.751992368	213.796356753	70.1580744811
932.395488753	651.468580707	288.656966667	42.4435838655
914.011624985	608.879890973	324.318019845	51.7967589453
993.104822834	634.434218454	318.389002748	76.1716141916
879.392673297	515.975264087	115.431481241	35.2389746703
956.895291013	693.265341921	16.217624639	47.5512263028
933.195379317	683.363498748	966.179033834	35.1722249718
980.115880376	682.663420189	985.172321261	60.0832225864
652.421315292	580.891890339	197.167048527	33.0357149735
676.296374735	557.596793356	155.524006021	34.171904861
716.384549768	947.835048249	148.665116679	119.561810523
593.844294504	956.961425073	136.766922253	47.7293750441
694.975696922	893.47710535	284.337978491	53.5005912402
675.043225487	916.698608093	431.85548626	52.2765228013
747.726684993	944.200107156	274.705882256	125.232870972
564.685798629	981.97342213	400.466540544	65.0311606269
731.863807407	935.566549645	424.672211054	109.111549993
622.220169772	932.967050071	433.260520447	35.4301682163
611.835113916	973.94805786	447.046356916	78.7244343852
772.963055958	929.810646898	914.259401348	140.956767611
716.218242516	871.725676499	9.96271745963	60.5064212911
769.906836677	902.6196264	19.230026467	121.543682751
643.723673312	904.135219915	63.0895675032	30.7557457752
684.119806633	990.833689315	3.100324069	117.069866284
599.816628852	922.9365057	101.840492985	32.9809996249
659.19064143	912.584311739	762.380583873	37.6252556078
646.145051433	930.914365184	711.117220482	45.4939017983
599.4737356	939.765518527	695.427257889	36.6617887141
599.99472197	982.732016498	690.793454703	71.7045297458
670.443998416	990.562133962	727.78389924	110.066003917
677.682903918	884.876480644	795.748869942	36.6475878829
914.560911705	767.894866898	769.984316156	35.047199129
905.015565039	719.244992564	720.445047722	31.2783945481
959.750650928	793.394054158	744.945446273	85.8114649861
919.77713551	754.340905752	415.34723925	43.0458840035
981.676712937	769.06931225	497.758062879	87.0456663565
939.455404477	587.527842763	373.804413506	50.6972393206
988.997145912	766.745162852	399.696465449	94.27015313
961.001005271	788.417267592	872.130748036	82.494731722
991.59556353	783.48653215	987.205741988	102.699915056
991.337188718	753.684383956	2.17774473998	88.0405337317
900.888628281	782.287418024	813.642900942	33.7771058485
915.319765589	154.344251108	789.519069806	66.4683389753
896.068032756	165.906130716	712.147245452	31.1018796039
937.675979705	163.345190403	727.077200993	72.3584790882
618.969219237	665.405061288	665.474349344	34.7567923373
602.434389348	656.139450909	600.017221791	34.4266594305
647.832830098	637.619671255	573.530929101	34.4593590441
640.499377309	623.35339923	720.098046826	30.9112795768
654.374290725	602.483062398	690.552280477	30.5196621554
631.086366069	666.815639699	707.548874515	37.9933737146
948.947651639	174.22607505	548.968759672	80.5078782834
955.572544755	94.0914940391	464.911336426	102.495480492
889.604993717	200.926697959	427.324836129	50.7136992772
872.554241894	270.924176841	385.616399522	33.2734216317
862.670238671	273.560627735	347.833774227	42.5048092862
985.927877215	685.371649744	249.237328372	75.2897612668
966.873975929	693.620254501	171.018408602	58.7759593125
902.21100751	699.821278418	194.942692451	37.5023770853
935.417937251	692.775376847	304.77669199	37.9626511854
886.114713099	572.613905521	352.613459044	34.0321873785
997.215166747	576.889403672	371.138416299	103.950769457
972.176214157	709.428399545	325.365205641	65.507806037
859.725888859	525.00264055	145.737673654	31.597218741
927.067098461	680.869209951	53.7933996724	44.7265975538
821.041202928	891.146027788	173.375715341	103.776629627
713.917020733	826.926125544	161.002761853	55.4068933939
825.999278011	968.309322029	375.558052478	180.487216658
711.894269997	993.659749381	517.258248132	136.31511749
701.341496699	828.738462169	423.284833294	38.1618714116
550.045517474	925.446546675	465.649676275	33.0687766074
887.674356743	921.652760956	51.3484410305	166.862937449
699.156422171	814.471568983	969.356783455	39.3333351538
888.803741378	881.132233984	993.445155568	118.491261415
652.61028166	888.243845687	691.290514453	31.56744568
585.058057664	913.870689641	670.600256999	30.6143482878
600.977274373	981.749464095	617.102024492	75.8902165408
671.51508931	899.519408005	662.447354729	56.2261354851
734.153889406	910.232271409	773.02715516	97.3231491593
757.642259691	937.837603889	681.14296879	144.217252296
923.244340136	867.297073566	775.218972296	115.305269174
899.467729127	776.40112303	381.731670064	32.4662557004
901.525758283	791.258464234	433.598616477	38.4031587691
969.182758124	850.696483699	531.075275715	131.985350745
903.285359703	751.47125336	459.36229803	35.7203499013
937.157671717	826.769817182	345.128597876	97.8139399446
880.495596433	799.486761308	895.276053077	34.2955091608
991.464055968	866.882701205	879.515730023	157.580555977
922.69395321	754.592308468	60.5526174895	41.9539805407
962.877532365	730.495034335	84.3945297604	57.8557160368
933.250197945	133.655290697	852.275583052	80.4852911648
961.752944856	108.636590267	768.479035451	118.725109495
884.160793891	206.747976237	820.678041505	31.1195197004
985.660337239	188.748673804	676.270234192	116.282444098
579.348985836	666.033195271	573.633903492	34.6112630414
616.153125145	662.427204816	566.863610281	35.0949104675
573.791107123	673.499015894	614.338862904	30.6564712546
655.063500222	602.550921154	566.661792483	31.7275347082
640.076498443	637.731280667	749.699567432	30.8250948012
635.00124823	706.616941672	707.548874515	31.5569049623
637.106782677	670.82925077	746.882263018	37.081124856
909.331476075	103.538389239	564.504514795	81.8719680447
962.185366072	203.183575372	472.85190168	98.7827322372
994.941830138	106.587577257	559.790919318	145.180630596
856.925377269	112.359488018	494.140126792	53.4739499529
926.86345785	725.978438058	220.320373057	32.1234306918
982.727548472	749.378224614	206.032890335	91.0804738776
924.000652486	714.580545962	133.385158024	37.2890615661
919.694355633	714.159447849	274.901886915	32.3858104904
921.771984223	741.183064404	293.610540782	30.9785275211
904.57340176	847.342557668	221.253926867	89.3279766644
767.936674447	822.971295279	234.374160218	38.4412103183
813.285284142	829.098677502	258.690821984	44.9652721499
761.005640146	823.028754632	119.112802827	36.783714232
984.182000382	935.515343001	290.679518522	204.424062069
604.339961736	920.431284182	564.170233651	32.3526013355
780.978825205	874.45502667	529.449640228	97.9061803938
710.767598815	798.016351568	447.373760925	43.9958847635
723.626094755	785.719703697	952.533883553	30.970979273
696.754944239	788.055311735	1.05629215252	30.8848950949
724.327437681	797.804274929	997.589138689	31.9305106452
936.298861584	987.996254448	964.420359886	230.356378259
795.84935975	804.731372373	987.0784171	33.3328437665
551.579589872	935.573367714	578.442967057	31.7623977564
582.518402859	947.908199653	549.419495608	51.4602443633
797.462576347	833.825235445	777.393271501	49.8183071663
748.761592566	813.290241349	757.091478986	34.3797890526
694.55211143	834.892303552	824.219697422	30.6169429516
813.616573538	821.89081092	611.841437361	40.4660152443
899.726623971	970.784702852	670.847000364	200.347168165
706.650028722	818.855731628	613.153327498	39.4894061678
630.039748591	903.278590466	618.670906065	31.9825982698
663.167983059	879.996210033	585.704668928	30.8213320575
870.330962935	806.855861908	453.995213435	36.9861353221
848.928696039	801.553994571	849.820863371	35.9749911906
900.932608677	758.548916565	98.5360552203	35.504191465
995.574154355	779.53996732	94.7980003936	110.001040201
918.849152291	693.193212328	100.293667009	38.535682653
879.642538551	82.1498924557	888.014022648	66.3001853712
858.647508652	107.930225424	828.26552213	30.5135152163
873.204991556	69.0504464387	696.598932184	61.6006510036
901.135781291	22.6448000937	827.686497538	117.714475476
992.587995513	10.6899587692	704.995107628	179.383447462
875.748427474	236.191258694	833.296591129	34.8882445709
549.525140069	678.024226044	556.108550825	33.3105975456
601.574668427	669.716433176	533.541423495	31.2103652329
643.101460671	683.847676644	580.683269525	30.0863719188
625.729393932	648.541615076	533.825482969	32.2423374181
549.311980461	981.467881863	524.338048903	77.4912081167
765.783228362	825.377409316	817.520445616	36.4486055793
824.068588476	822.000341166	820.258513264	37.8166331738
723.205353545	805.244758694	732.481767336	30.411519326
722.485897358	808.65335396	781.821545063	32.4531218852
710.8599555	806.854255852	820.786467092	38.8284848143
698.761187242	824.790521603	854.945950851	31.9840902012
837.755752044	793.109482701	592.03493192	30.1367415917
705.318055808	798.210151473	649.116596154	36.0508666788
725.815276567	808.401960076	577.871848511	32.3738908453
702.567684289	842.607553779	579.381205377	41.6195909445
635.549126275	900.917428601	585.221112981	30.3348796879
851.330004591	802.633426721	487.774694936	32.2185085229
814.934112956	803.882390673	866.585315302	31.6909047422
894.596036567	723.69776996	110.857167656	31.4158779524
889.434961086	767.747034638	133.028997994	31.469606632
810.136426938	63.7947327205	690.292075722	41.7768046062
853.525940303	116.139604792	658.646476197	38.9565756469
815.73430274	1.29443045602	746.555092914	98.5700667953
884.00907426	247.205454409	867.51927067	41.9539359595
563.89858296	670.837504598	524.6666445	30.5378511593
616.64477922	662.424444082	504.859599727	35.1283037281
660.96939954	709.160590042	572.344898053	30.8928646679
484.599886733	996.517205986	480.695008946	106.586762606
690.92903192	802.375752328	733.199018928	39.448185668
689.636594127	802.890318305	773.176991582	38.5254174018
707.110307197	784.697243158	854.874178929	32.8789299842
684.093821184	777.774998818	810.542637909	31.8037973226
735.357046388	806.854255852	853.449254943	31.2600561902
713.776041477	806.092778593	879.026377455	46.4309678178
868.903752056	785.503575721	589.86181564	36.2918637024
837.15629446	797.905143371	560.263679986	37.10461038
691.873443138	791.487845138	684.072589098	30.0188111974
698.843919219	791.030577378	565.529023962	30.6532321809
748.227401874	814.334581481	603.250284521	32.4410262899
829.5061984	807.802222924	461.930713921	30.1176365373
841.529713109	795.412159313	519.754593457	30.1463486802
884.940396811	766.623393569	166.17640952	31.2272184294
906.34925656	745.194640672	151.070913167	30.1976775147
767.026429861	70.8619453561	693.118960776	44.1738844539
872.714967782	151.959122752	663.763550191	43.4334351639
677.994833249	733.615303914	586.274798359	30.4287979973
461.687411456	893.411067242	505.898731751	36.9784846901
691.202083303	763.260140005	880.184016335	32.0911178566
701.602739033	795.441138954	924.676261621	31.5538782458
886.13422922	766.358601095	618.196378087	30.3249611505
709.757319414	795.660504733	535.103787057	33.4912436338
797.694303851	808.796344629	457.622853201	31.116102941
893.856195104	736.904065924	178.064140578	32.9193439229
740.141124186	34.5304512011	683.672772296	55.4820127376
879.725499028	180.001247737	628.710893961	30.0611905019
648.581090503	726.515434975	597.938868759	32.2486672389
423.83060758	902.463781213	503.841296757	51.4294949163
468.249780705	888.161171843	467.836990108	39.9355329398
673.433005536	745.727983276	903.402277951	31.346809139
675.068883688	751.239324606	852.662675815	31.2356423374
712.382105644	764.371199898	918.018417537	30.9716085948
696.1745721	796.12887533	502.317845267	31.3225680984
694.66661288	827.728256116	533.21744874	30.0329308021
765.9675093	815.507781937	450.911415892	42.3974183929
644.120455837	729.489191419	631.765348307	30.1316557089
655.51832262	731.464044445	870.864922327	30.6684790721
657.235122861	727.057953993	838.45612058	35.6687577903
728.354579336	796.792380634	493.692276317	33.3583331572
698.873938346	828.971164651	497.36900715	38.5152994804
664.230942461	715.790744008	652.750203915	31.2607898322
635.038575359	706.01950997	871.485520729	30.7288152048
654.948595635	702.363459952	810.103182977	32.8774027575
651.293346628	690.218941349	843.605659982	30.057279719
662.891599037	739.785025391	803.456674237	30.6052381197
627.207313109	722.905171794	816.094985659	32.9199933877
689.627962987	837.446642063	458.84410982	31.0475512328
656.394019796	719.317359208	684.881586839	32.5481670714
613.566555525	685.889491375	885.800200618	32.2085590334
627.054148796	677.630437746	857.290984617	31.8835954368
626.000526059	683.586333741	815.188654659	31.4003384912
648.82874889	680.109471791	783.954746888	30.4860012667
648.900023917	721.782558624	781.770399668	30.930938798
628.526725534	693.044355293	915.720540636	32.5025239536
598.122550162	676.236988024	914.757710673	32.8578422887
604.377672634	668.321147532	833.898409207	30.956220134
595.083072717	677.722678796	803.994404311	34.4803714358
623.255981118	660.845818515	790.879828039	32.111574583
642.672211425	730.501496112	750.63133721	32.5035991747
628.526725534	686.79379423	949.652157832	32.1992273805
593.019583291	686.442921767	947.695042298	30.3177354274
623.846987735	658.819400084	930.567521264	30.5678350824
574.355273333	682.657869126	833.605546288	31.5210109813
665.086324239	749.754644298	768.447683293	30.040015769
622.031047688	680.298116384	982.594524051	33.8051077327
652	125	729	3.0
659	758	326	18.0
677.287920779	762.618161813	332.65015301	30.8403470944
663.963693757	738.774808195	314.417000244	32.3331948707
694.512290535	784.148624008	314.810627192	32.7526952939
697.214046629	782.046134517	350.08551313	34.7621006192
663.279486366	737.148281063	347.932081461	31.781279509
651.476465463	707.22812619	319.674780578	32.6728441947
683.814705951	799.70874704	285.635396507	30.0149012553
716.796533704	808.908894196	324.714735267	39.9189072553
674.826059838	765.165472979	293.366697325	30.8625021128
712.322717392	784.82931071	383.483627447	31.6250663046
697.776020974	756.195314652	376.217320167	30.6626477038
707.973165397	814.323490822	364.009078594	41.0046630291
645.945578314	719.814373011	371.175276348	31.0925928542
638.57303505	695.860818445	349.782784875	32.1934716265
666.864293786	698.610942329	289.822393632	31.951160917
641.288098589	675.935285076	308.758673213	33.2892833684
693.327860499	779.218875705	262.950181815	30.1508047302
698.854236961	826.606369809	276.958744001	43.70205567
748.256414237	817.131362972	298.259835728	35.594232853
696.053494353	844.468390226	332.616845496	35.3265717992
738.73380114	804.102263715	391.335571264	32.9025801196
705.311787412	767.65253226	411.527347366	30.866071593
637.797559601	708.95034806	401.353123434	33.0270816417
614.064128261	714.317571278	378.137891877	33.9894718078
625.400522245	664.576100532	345.666374624	32.7324822924
627.966264359	677.82930827	376.830050138	31.5680992556
644.384456589	681.126624509	271.338971937	35.1170158424
616.872212269	664.782349349	285.849940369	31.1872351827
685.951960037	794.265712647	235.511832098	36.1125776636
690.066474826	758.291650973	238.761571411	30.3577935369
721.094246469	804.366360301	243.800911644	31.5040171938
697.347689486	837.152202135	232.515593485	50.4319153228
683.781104997	855.718080469	366.02501652	30.3102861839
631.014944741	703.400935901	435.266197737	31.3534640684
621.039691127	679.057934025	408.59976926	32.5708606914
597.100874094	670.766648565	326.505154522	30.3600364818
626.254064795	658.22507698	248.437424408	33.1951420678
610.133312769	677.820936736	439.96456493	35.9211817372
634.337599057	688.26439957	464.800902773	30.1306609138
661.936596748	701.192246472	422.960642346	30.3743334092
602.403263537	659.366614307	387.150295995	30.1850061737
587.572360982	682.100418584	400.486477104	31.577140292
567.675586498	679.655537526	316.39021191	31.9240101181
648.974698598	635.968129581	233.367616273	32.1432835532
649.105787398	677.506217927	229.870399793	31.049054288
639.696167601	642.949960155	277.154644038	30.17005823
621.794477734	662.189154368	213.751747264	36.2917156966
592.327844599	674.625083475	473.292748942	30.5027302889
623.524527001	651.725237208	464.000077654	31.0325715142
573.595575011	683.910559696	448.08406221	30.098786363
635.607019567	650.365941632	434.020700011	30.1610823752
563.587969666	693.571214431	420.994869679	32.0062894615
657.768871604	608.05618917	250.955962285	32.9537539361
648.222593122	682.363786446	197.192211573	35.4828461245
657.584794385	618.941539998	288.923477449	36.2521109588
593.855482346	678.952551601	193.635670585	31.015425804
620.539685902	655.287799294	176.107992316	35.2156086337
574.984918497	687.12219199	497.776879909	30.0279250779
652.400335492	623.869820951	426.930188843	30.8548203532
672.539386766	586.021486224	228.19484056	33.5564583059
655.468964095	709.738965677	172.635065498	39.5868465802
666.165098199	594.120172519	424.710065825	33.5069245456
675.828832462	562.337477211	254.510406131	30.1477282384
656.149527877	724.711368887	133.842929909	36.5895673235
656.96783252	746.835959191	191.370920808	30.76116123
673.757318627	567.69924543	402.237093359	36.8652891371
656.351624261	538.912186265	264.775421264	30.5506414955
675.035725967	571.061648659	285.441559448	30.765551392
676.510371789	739.190191224	104.432822036	36.5006975613
642.410713557	704.940879986	103.68455701	30.0058242998
661.510005795	579.363352889	367.244770983	38.5077111711
644.831995811	730.610631064	84.3038539667	31.0751180901
634.921921903	674.985713372	112.109447621	30.3307530259
612.716597833	653.084571823	103.592337018	37.3463580507
617.792596297	668.51463481	138.755065229	33.0735216579
616.556409202	645.404949085	65.1942233263	31.968095443
578.236317082	662.488284755	87.1358393871	30.3032024252
628.116228631	617.280430218	98.2024662389	30.8952004159
625.353794905	632.958665375	134.951307531	32.8112983735
583.525924432	668.150725836	125.249933412	30.1285320728
587.682600902	673.951161756	155.90103483	30.3670259023
625.167355787	670.950757287	44.5279515227	30.0498511856
594.820942219	661.893924037	44.9577540667	30.7069472186
648.899707235	619.005532142	156.462387932	30.7364193932
618.687681801	656.019334623	16.9189058437	35.731612519
668.7393921	603.381780311	177.29405704	30.3242654642
591.189164603	677.893155122	3.16964724478	30.2420292277
591.444793572	671.586699325	995.962837976	33.9730115001
702	534	953	9.0
751	525	47	12.0
501	327	809	6.0
