997	95	671	
[19.045595903834965, 72.15274606329828, 640.5369947510644]  R: 51.0
									9983

[978.0553559336449, 57.11071186728987, 682.8954741811997]  R: 72.0
									14976

[993.7928650970509, 119.58803425594303, 634.6524710999103]  R: 42.0
									19892

[967.8413649825477, 127.88822786852171, 673.0343233733106]  R: 45.0
									24285

[16.988022175917145, 25.85733718514735, 614.8173231520917]  R: 66.0
									24986

[0.7456455615335571, 88.47432339562116, 593.5506357640743]  R: 72.0
									29949

[47.63453845533499, 40.86673345976996, 672.3624213649985]  R: 42.0
									31206

[925.2915728364987, 28.33046654157378, 726.0658421697739]  R: 72.0
[7.924731220290596, 997.3719612939984, 714.7561411536218]  R: 48.0
[921.1812651310936, 104.2000128543485, 678.0030792734533]  R: 63.0
[4.07192378136665, 33.26219134021164, 747.936893800504]  R: 42.0
[956.2544899112386, 90.5906132588425, 745.1836628166465]  R: 42.0
[965.4691549209541, 147.9117444320399, 616.4443717009908]  R: 51.0
[939.4459136016454, 165.3185955978929, 674.3250257088062]  R: 48.0
[84.17362153995316, 17.663971409045395, 621.3720157729733]  R: 48.0
[48.55388250013367, 30.476731378935135, 554.7651986328506]  R: 63.0
[963.5176870392156, 121.28540548308777, 538.6551715023513]  R: 45.0
[10.43406235847029, 94.63967953912635, 520.4471272053698]  R: 57.0
[934.3775288817703, 120.1835346981747, 585.4389770587699]  R: 42.0
------------ FRESH -------------
									30753

[983.4264966253634, 154.60198297008924, 565.2102102321594]  R: 45.0
									35523

[76.83823853059273, 9.381494316132702, 681.9448854521924]  R: 42.0
									39882

[863.0810220959255, 2.3036034766400846, 756.5363160018914]  R: 45.0
									43343

[899.8166042600714, 981.0956289727814, 777.0157793226285]  R: 72.0
									48333

[900.5601729393579, 81.24415934475878, 771.5026001203349]  R: 78.0
									53331

[968.3458235297129, 968.7168886586619, 734.3455057646228]  R: 42.0
									58322

[981.4665458110431, 3.753915865210587, 767.4948847385004]  R: 66.0
									63291

[51.248562381287186, 7.097719309732383, 737.7442964635384]  R: 42.0
									63804

[931.6281307689048, 150.73605069550746, 722.1648294696552]  R: 42.0
									67925

[877.53852683704, 151.19988486332932, 667.4520875979678]  R: 60.0
------------ FRESH -------------
									37816

[913.9013945498647, 134.53280694280238, 620.97742638716]  R: 51.0
									42650

[949.6827590140864, 190.00880018368701, 588.3796678665594]  R: 45.0
									45448

[930.0867815455146, 185.15634798513415, 629.4799829445737]  R: 57.0
									50055

[908.3067607297572, 194.26485038021153, 700.6398027836412]  R: 51.0
									54189

[127.6883304730242, 27.902726452120934, 598.9747391162456]  R: 42.0
									57599

[107.8889710352459, 54.41896008608569, 543.3145675120394]  R: 51.0
									60109

[91.27853717326337, 18.824552831717945, 507.185469565047]  R: 48.0
									65083

[71.59243603316298, 73.8955438065673, 512.2324844180272]  R: 66.0
									70066

[9.94585224734817, 39.66911953436025, 503.2878249624699]  R: 48.0
									74676

[959.4145654175541, 156.57225142937673, 507.88175933989004]  R: 54.0
------------ FRESH -------------
									42778

[930.5719688729737, 151.3483733097835, 553.4807446771601]  R: 48.0
									47626

[997.1210792189818, 120.75360800504613, 469.2433458996448]  R: 48.0
									52066

[45.749251222608144, 131.07008489371066, 490.33628196331546]  R: 42.0
									57057

[23.460142888201933, 79.55684945206866, 464.9148891575665]  R: 66.0
									61629

[826.3433585083386, 982.3714668493324, 778.0317574627135]  R: 48.0
									61415

[839.4926962714135, 28.840470029216164, 787.3321858283376]  R: 45.0
									66334

[962.2810191856196, 946.7745218708318, 796.9220214417593]  R: 60.0
									70022

[858.012930286667, 939.9555053799073, 822.137205198684]  R: 63.0
									75021

[863.2185085061476, 15.12543730537709, 831.5918870258481]  R: 99.0
									79986

[854.9040849389469, 146.87478584534958, 774.3561056203606]  R: 81.0
------------ FRESH -------------
									44451

[997.0812042658634, 984.2355927966852, 830.7342514805226]  R: 42.0
									47389

[962.7029664586819, 11.572073928694467, 832.3855966654166]  R: 48.0
									51511

[843.8532818304574, 193.69511702547962, 637.3944843613249]  R: 51.0
									53233

[851.0931851746403, 203.47556024249138, 687.7473498039953]  R: 78.0
									58204

[890.1696361953268, 170.1304444746092, 589.6946540107238]  R: 48.0
									61424

[914.9520035061614, 205.8508991873019, 560.9606503603029]  R: 63.0
									65581

[906.0778900063193, 238.82328201392346, 634.4229900261728]  R: 45.0
									69087

[151.67884615240115, 21.418803295532566, 562.6647694393507]  R: 48.0
									70581

[136.35311182618582, 37.81487795803741, 501.8043621919187]  R: 66.0
									72646

[86.21068038903465, 26.42633800806102, 458.02725875802844]  R: 42.0
------------ FRESH -------------
									40654

[107.15627178785083, 79.66265230732749, 454.5613994104253]  R: 66.0
									45089

[924.0622822910811, 187.2823155594441, 477.17169520982264]  R: 42.0
									47578

[961.4297232575516, 178.7389876693498, 456.49523441995245]  R: 51.0
									52529

[6.189118062110083, 156.27009347396546, 435.23820023791353]  R: 48.0
									54916

[53.609349722565746, 137.62016697700867, 447.5424123524352]  R: 45.0
									57653

[13.79015587960447, 151.53826955158942, 512.599921415745]  R: 42.0
									62578

[42.16460183265032, 70.87263637071763, 400.11729924287033]  R: 51.0
									66745

[988.5011049160055, 102.86287476686626, 411.4481252000897]  R: 51.0
									71639

[940.5430400731456, 918.9227361329745, 847.8704099866203]  R: 84.0
									73356

[862.1032413873778, 894.3777531148442, 868.2992876209917]  R: 78.0
------------ FRESH -------------
									43075

[794.7169569643462, 939.2522167874371, 836.9062656405589]  R: 54.0
									48049

[890.5014163750028, 974.2010755020942, 919.8066224684801]  R: 102.0
									52377

[783.5884061733193, 10.209998889770404, 893.5264110624923]  R: 75.0
									57355

[788.0020116668111, 79.47732904569834, 851.6496195163379]  R: 45.0
									62347

[818.7643520486646, 87.14117076649954, 886.715041033127]  R: 93.0
									67327

[770.1798012688562, 982.2040485906432, 810.1214161249347]  R: 42.0
									72152

[849.6421921521663, 191.60087453298408, 844.0761850452027]  R: 42.0
									75178

[856.5962015189631, 229.78849826614385, 770.9718724603282]  R: 54.0
									80163

[787.3562001617333, 195.02061861208693, 777.2304836959867]  R: 45.0
									85154

[788.6900507623534, 171.70504866157214, 817.8090655487501]  R: 51.0
------------ FRESH -------------
									55544

[821.291494326563, 214.09996707011732, 809.5692957857151]  R: 72.0
									59965

[7.847929635566061, 996.7023274352882, 871.5344739341325]  R: 42.0
									64334

[821.0990196804111, 239.20364132557228, 622.554748176512]  R: 57.0
									66954

[858.2088967570339, 209.41793337363484, 588.8588338952806]  R: 54.0
									71160

[825.582068582958, 262.22843481727506, 735.6773264307925]  R: 87.0
									75563

[880.9166310628143, 273.0636006482307, 661.9003633675779]  R: 45.0
									80516

[868.9181084907906, 248.12692522182618, 543.1107727012816]  R: 72.0
									82784

[882.0586329414524, 274.8521676112239, 616.1474683463828]  R: 45.0
									84952

[191.17514690422624, 48.22412512475394, 462.9431727695103]  R: 48.0
									86246

[140.55256331773813, 23.53674288675959, 435.4530286253924]  R: 48.0
------------ FRESH -------------
									54477

[202.77584781980335, 23.423285159420278, 504.018453391706]  R: 42.0
									59319

[122.86625922697536, 115.36716921442869, 398.86235303534744]  R: 51.0
									62141

[70.91988514854731, 112.81509114754135, 407.53119547430794]  R: 72.0
									67110

[166.81686447725627, 90.19099219369316, 423.678269077086]  R: 42.0
									72102

[107.15627178785083, 40.83026710982271, 398.73984568901216]  R: 48.0
									76958

[900.2972930836806, 223.2898749645963, 468.5298809525861]  R: 48.0
									80515

[971.0154695546627, 179.33809681291925, 404.37273892941096]  R: 45.0
									83592

[925.2572836164616, 207.09035927993384, 430.0991298169949]  R: 42.0
									88588

[9.605770682567073, 156.27009347396546, 385.3550719792415]  R: 54.0
									91014

[7.483945453572986, 90.33627005285287, 365.0827586150269]  R: 42.0
